0.999999,0.000539,0.000609,0.000516
0.000539,0.999998,0.001522,0.001028
0.000609,0.001522,0.999998,0.001065
0.000516,0.001028,0.001065,0.999999
