0.999831,0.018225,0.001090,0.000349,0.000756,0.000256,0.001583,0.001918
0.018225,0.999832,0.000915,0.000184,0.000282,0.000283,0.000952,0.001430
0.001090,0.000915,0.999991,0.001388,0.003257,0.001673,0.000218,0.000453
0.000349,0.000184,0.001388,0.999985,0.000659,0.003284,0.000531,0.003966
0.000756,0.000282,0.003257,0.000659,0.999991,0.002557,0.000444,0.000491
0.000256,0.000283,0.001673,0.003284,0.002557,0.999991,0.000982,0.000461
0.001583,0.000952,0.000218,0.000531,0.000444,0.000982,0.999999,0.000354
0.001918,0.001430,0.000453,0.003966,0.000491,0.000461,0.000354,0.999990
