0.999997,0.001578,0.001474,0.000992
0.001578,0.999999,0.001077,0.000745
0.001474,0.001077,0.999998,0.000742
0.000992,0.000745,0.000742,0.999999
