0.999997,0.000421,0.001150,0.001348
0.000421,0.999996,0.001333,0.002212
0.001150,0.001333,0.999996,0.001944
0.001348,0.002212,0.001944,0.999995
