0.999870,0.013052,0.000694,0.001748,0.000257,0.000775,0.000136,0.000439,0.002364,0.004530,0.000187,0.000758,0.000413,0.005474,0.000429,0.005136
0.013052,0.999905,0.001192,0.000680,0.000558,0.001239,0.000651,0.001561,0.001399,0.002523,0.000834,0.001359,0.000819,0.000723,0.000211,0.000926
0.000694,0.001192,0.999964,0.001786,0.001360,0.006032,0.001077,0.004922,0.000703,0.000950,0.000037,0.002098,0.001555,0.000252,0.000827,0.000316
0.001748,0.000680,0.001786,0.999972,0.001053,0.002759,0.003318,0.003165,0.000481,0.001453,0.001601,0.000334,0.003471,0.000512,0.001799,0.000618
0.000257,0.000558,0.001360,0.001053,0.999957,0.005211,0.000352,0.004321,0.000663,0.003132,0.000884,0.004539,0.000867,0.000505,0.000262,0.001272
0.000775,0.001239,0.006032,0.002759,0.005211,0.999957,0.000408,0.000699,0.000082,0.000100,0.000058,0.002866,0.000507,0.000267,0.000405,0.001772
0.000136,0.000651,0.001077,0.003318,0.000352,0.000408,0.999968,0.000651,0.001829,0.000287,0.002705,0.000263,0.003276,0.000709,0.005162,0.000719
0.000439,0.001561,0.004922,0.003165,0.004321,0.000699,0.000651,0.999958,0.001081,0.001880,0.001214,0.000795,0.003651,0.000457,0.000809,0.001900
0.002364,0.001399,0.000703,0.000481,0.000663,0.000082,0.001829,0.001081,0.999954,0.002995,0.003061,0.000485,0.003861,0.003240,0.005666,0.000270
0.004530,0.002523,0.000950,0.001453,0.003132,0.000100,0.000287,0.001880,0.002995,0.999961,0.004434,0.000224,0.000529,0.002647,0.000867,0.000369
0.000187,0.000834,0.000037,0.001601,0.000884,0.000058,0.002705,0.001214,0.003061,0.004434,0.999970,0.000248,0.001153,0.001248,0.003371,0.000135
0.000758,0.001359,0.002098,0.000334,0.004539,0.002866,0.000263,0.000795,0.000485,0.000224,0.000248,0.999981,0.000159,0.000248,0.000238,0.001250
0.000413,0.000819,0.001555,0.003471,0.000867,0.000507,0.003276,0.003651,0.003861,0.000529,0.001153,0.000159,0.999969,0.001191,0.001748,0.000428
0.005474,0.000723,0.000252,0.000512,0.000505,0.000267,0.000709,0.000457,0.003240,0.002647,0.001248,0.000248,0.001191,0.999940,0.000848,0.008256
0.000429,0.000211,0.000827,0.001799,0.000262,0.000405,0.005162,0.000809,0.005666,0.000867,0.003371,0.000238,0.001748,0.000848,0.999960,0.000203
0.005136,0.000926,0.000316,0.000618,0.001272,0.001772,0.000719,0.001900,0.000270,0.000369,0.000135,0.001250,0.000428,0.008256,0.000203,0.999946
