0.999985,0.002921,0.000310,0.001278,0.000805,0.000580,0.002105,0.000523,0.000230,0.000986,0.000349,0.000755,0.001723,0.002688,0.000544,0.001306
0.002921,0.999984,0.000375,0.001070,0.000852,0.000530,0.002297,0.000526,0.000375,0.001021,0.000568,0.000834,0.002778,0.001735,0.000572,0.001799
0.000310,0.000375,0.999979,0.001008,0.001624,0.002748,0.000256,0.002251,0.003311,0.000997,0.002958,0.001261,0.000392,0.000440,0.001191,0.000390
0.001278,0.001070,0.001008,0.999992,0.000532,0.000746,0.001027,0.000628,0.000934,0.001253,0.001121,0.001273,0.000874,0.001077,0.000528,0.001331
0.000805,0.000852,0.001624,0.000532,0.999989,0.001055,0.000858,0.002013,0.001818,0.001398,0.001166,0.000762,0.000596,0.000544,0.001942,0.000490
0.000580,0.000530,0.002748,0.000746,0.001055,0.999985,0.000519,0.001653,0.002658,0.000953,0.002003,0.001593,0.000357,0.000622,0.001306,0.000390
0.002105,0.002297,0.000256,0.001027,0.000858,0.000519,0.999987,0.000661,0.000396,0.001405,0.000237,0.000672,0.001395,0.001888,0.000363,0.002041
0.000523,0.000526,0.002251,0.000628,0.002013,0.001653,0.000661,0.999986,0.001810,0.000775,0.001857,0.000796,0.000504,0.000411,0.002469,0.000750
0.000230,0.000375,0.003311,0.000934,0.001818,0.002658,0.000396,0.001810,0.999974,0.000482,0.004217,0.001305,0.000399,0.000540,0.002341,0.000327
0.000986,0.001021,0.000997,0.001253,0.001398,0.000953,0.001405,0.000775,0.000482,0.999993,0.000538,0.000970,0.000756,0.001110,0.001017,0.000810
0.000349,0.000568,0.002958,0.001121,0.001166,0.002003,0.000237,0.001857,0.004217,0.000538,0.999980,0.001000,0.000389,0.000452,0.001436,0.000526
0.000755,0.000834,0.001261,0.001273,0.000762,0.001593,0.000672,0.000796,0.001305,0.000970,0.001000,0.999992,0.001293,0.000743,0.000826,0.001054
0.001723,0.002778,0.000392,0.000874,0.000596,0.000357,0.001395,0.000504,0.000399,0.000756,0.000389,0.001293,0.999988,0.002044,0.000535,0.002057
0.002688,0.001735,0.000440,0.001077,0.000544,0.000622,0.001888,0.000411,0.000540,0.001110,0.000452,0.000743,0.002044,0.999988,0.000321,0.001124
0.000544,0.000572,0.001191,0.000528,0.001942,0.001306,0.000363,0.002469,0.002341,0.001017,0.001436,0.000826,0.000535,0.000321,0.999988,0.000705
0.001306,0.001799,0.000390,0.001331,0.000490,0.000390,0.002041,0.000750,0.000327,0.000810,0.000526,0.001054,0.002057,0.001124,0.000705,0.999990
