0.999998,0.000829,0.001388,0.000880,0.000304,0.000606,0.000670,0.000544
0.000829,0.999985,0.000974,0.002729,0.002398,0.002274,0.000965,0.002724
0.001388,0.000974,0.999997,0.000583,0.000895,0.001036,0.001404,0.000920
0.000880,0.002729,0.000583,0.999986,0.002711,0.001828,0.002646,0.001026
0.000304,0.002398,0.000895,0.002711,0.999975,0.002995,0.003262,0.003986
0.000606,0.002274,0.001036,0.001828,0.002995,0.999985,0.001393,0.003153
0.000670,0.000965,0.001404,0.002646,0.003262,0.001393,0.999986,0.001914
0.000544,0.002724,0.000920,0.001026,0.003986,0.003153,0.001914,0.999981
