0.999997,0.002322,0.000441,0.000445
0.002322,0.999995,0.000581,0.001443
0.000441,0.000581,0.999999,0.001151
0.000445,0.001443,0.001151,0.999998
