0.999919,0.000366,0.000801,0.000441,0.000857,0.000422,0.001316,0.000771,0.001553,0.001633,0.000641,0.001869,0.000894,0.000757,0.001194,0.000158,0.001054,0.000584,0.000391,0.002279,0.000649,0.002145,0.011490,0.000433,0.000382,0.000621,0.001345,0.000485,0.000759,0.000519,0.000257,0.000176
0.000366,0.996457,0.001051,0.001665,0.000154,0.005047,0.001000,0.002498,0.000540,0.002602,0.001143,0.000232,0.000405,0.000600,0.011999,0.025496,0.001618,0.000155,0.000095,0.000183,0.002194,0.001010,0.000194,0.030901,0.000158,0.008051,0.011177,0.063643,0.000138,0.003812,0.017194,0.026814
0.000801,0.001051,0.999953,0.002210,0.000782,0.000218,0.001140,0.000552,0.001394,0.003486,0.001294,0.001434,0.000203,0.002083,0.000487,0.000651,0.003026,0.000472,0.000703,0.005995,0.000406,0.000577,0.000351,0.000657,0.003669,0.000965,0.001164,0.000343,0.000501,0.000501,0.000377,0.000245
0.000441,0.001665,0.002210,0.999855,0.002113,0.001828,0.004131,0.012002,0.000093,0.001116,0.001134,0.000422,0.003836,0.000919,0.000769,0.002809,0.001206,0.000910,0.007032,0.000556,0.000938,0.000979,0.001503,0.002997,0.000410,0.002186,0.001990,0.000561,0.000304,0.002729,0.001563,0.000720
0.000857,0.000154,0.000782,0.002113,0.996326,0.000516,0.000434,0.003854,0.000445,0.000218,0.003932,0.000564,0.029451,0.003810,0.000318,0.000756,0.003030,0.001087,0.079540,0.000269,0.002424,0.001151,0.002051,0.003220,0.000136,0.006376,0.001000,0.000751,0.000297,0.002815,0.001529,0.000943
0.000422,0.005047,0.000218,0.001828,0.000516,0.999766,0.007073,0.004627,0.001038,0.001919,0.000804,0.000354,0.002367,0.000992,0.001794,0.011023,0.000265,0.000239,0.001897,0.000182,0.001892,0.003631,0.000340,0.005083,0.000392,0.010446,0.001523,0.004759,0.000167,0.003538,0.004727,0.003471
0.001316,0.001000,0.001140,0.004131,0.000434,0.007073,0.999912,0.006651,0.000991,0.003006,0.000785,0.000778,0.001297,0.003748,0.000329,0.002589,0.000746,0.000319,0.001771,0.000411,0.001861,0.001480,0.000756,0.000937,0.001239,0.002951,0.000802,0.000624,0.000648,0.000694,0.001187,0.000476
0.000771,0.002498,0.000552,0.012002,0.003854,0.004627,0.006651,0.998989,0.000140,0.001903,0.002786,0.000218,0.019237,0.003167,0.000610,0.009680,0.001578,0.000808,0.026709,0.000341,0.004164,0.002757,0.000663,0.008135,0.000161,0.021223,0.001528,0.000713,0.000162,0.004978,0.004015,0.001279
0.001553,0.000540,0.001394,0.000093,0.000445,0.001038,0.000991,0.000140,0.999959,0.000273,0.001171,0.001682,0.000104,0.000370,0.006315,0.000250,0.000391,0.001476,0.000064,0.001171,0.000134,0.001400,0.001480,0.000768,0.002163,0.000256,0.001086,0.002023,0.002102,0.000722,0.000831,0.002692
0.001633,0.002602,0.003486,0.001116,0.000218,0.001919,0.003006,0.001903,0.000273,0.999912,0.000862,0.000428,0.001001,0.001899,0.000522,0.001427,0.004727,0.000273,0.001266,0.000358,0.001097,0.002023,0.000209,0.001273,0.000489,0.008956,0.000697,0.001020,0.000793,0.000381,0.004016,0.000688
0.000641,0.001143,0.001294,0.001134,0.003932,0.000804,0.000785,0.002786,0.001171,0.000862,0.999955,0.000720,0.000767,0.001878,0.000537,0.000976,0.001841,0.002148,0.004484,0.001121,0.001161,0.000787,0.000726,0.002746,0.000836,0.001359,0.000790,0.000689,0.001013,0.001795,0.001488,0.000353
0.001869,0.000232,0.001434,0.000422,0.000564,0.000354,0.000778,0.000218,0.001682,0.000428,0.000720,0.999983,0.000240,0.000322,0.000527,0.000110,0.000498,0.001195,0.000205,0.002843,0.000884,0.000147,0.002819,0.000226,0.001343,0.000191,0.000209,0.000415,0.001678,0.000711,0.000459,0.000405
0.000894,0.000405,0.000203,0.003836,0.029451,0.002367,0.001297,0.019237,0.000104,0.001001,0.000767,0.000240,0.996290,0.003836,0.000154,0.001479,0.004798,0.000532,0.075950,0.000262,0.007637,0.002975,0.000909,0.001613,0.000067,0.015973,0.000479,0.000345,0.000157,0.002273,0.002289,0.000724
0.000757,0.000600,0.002083,0.000919,0.003810,0.000992,0.003748,0.003167,0.000370,0.001899,0.001878,0.000322,0.003836,0.999855,0.000195,0.001117,0.001856,0.000445,0.003190,0.001137,0.006364,0.011824,0.000266,0.001640,0.000204,0.004014,0.001593,0.000889,0.000209,0.000512,0.001289,0.001058
0.001194,0.011999,0.000487,0.000769,0.000318,0.001794,0.000329,0.000610,0.006315,0.000522,0.000537,0.000527,0.000154,0.000195,0.999565,0.002764,0.000345,0.000924,0.000118,0.000608,0.001661,0.001363,0.001595,0.002783,0.001106,0.000600,0.009091,0.021145,0.000831,0.001551,0.001589,0.010799
0.000158,0.025496,0.000651,0.002809,0.000756,0.011023,0.002589,0.009680,0.000250,0.001427,0.000976,0.000110,0.001479,0.001117,0.002764,0.999268,0.000322,0.000442,0.002380,0.000113,0.001271,0.000676,0.000214,0.013344,0.000367,0.011939,0.004445,0.011172,0.000154,0.003325,0.007416,0.005347
0.001054,0.001618,0.003026,0.001206,0.003030,0.000265,0.000746,0.001578,0.000391,0.004727,0.001841,0.000498,0.004798,0.001856,0.000345,0.000322,0.999872,0.000317,0.006508,0.000924,0.003187,0.000613,0.000409,0.005921,0.000334,0.005682,0.001067,0.000778,0.001873,0.002640,0.006369,0.000939
0.000584,0.000155,0.000472,0.000910,0.001087,0.000239,0.000319,0.000808,0.001476,0.000273,0.002148,0.001195,0.000532,0.000445,0.000924,0.000442,0.000317,0.999975,0.000765,0.003113,0.000283,0.000603,0.004434,0.000393,0.002057,0.000165,0.000365,0.000239,0.000780,0.001151,0.000471,0.000255
0.000391,0.000095,0.000703,0.007032,0.079540,0.001897,0.001771,0.026709,0.000064,0.001266,0.004484,0.000205,0.075950,0.003190,0.000118,0.002380,0.006508,0.000765,0.993304,0.000255,0.007341,0.001485,0.000888,0.002812,0.000180,0.018055,0.000574,0.000420,0.000360,0.001759,0.002181,0.000653
0.002279,0.000183,0.005995,0.000556,0.000269,0.000182,0.000411,0.000341,0.001171,0.000358,0.001121,0.002843,0.000262,0.001137,0.000608,0.000113,0.000924,0.003113,0.000255,0.999957,0.000435,0.000792,0.002345,0.000146,0.003177,0.000147,0.001764,0.000160,0.001033,0.000404,0.000154,0.000102
0.000649,0.002194,0.000406,0.000938,0.002424,0.001892,0.001861,0.004164,0.000134,0.001097,0.001161,0.000884,0.007637,0.006364,0.001661,0.001271,0.003187,0.000283,0.007341,0.000435,0.999860,0.003558,0.000307,0.002930,0.000373,0.002946,0.002326,0.003169,0.000541,0.003476,0.002611,0.002895
0.002145,0.001010,0.000577,0.000979,0.001151,0.003631,0.001480,0.002757,0.001400,0.002023,0.000787,0.000147,0.002975,0.011824,0.001363,0.000676,0.000613,0.000603,0.001485,0.000792,0.003558,0.999884,0.000501,0.000697,0.000556,0.002244,0.004185,0.000949,0.000647,0.001203,0.001494,0.000808
0.011490,0.000194,0.000351,0.001503,0.002051,0.000340,0.000756,0.000663,0.001480,0.000209,0.000726,0.002819,0.000909,0.000266,0.001595,0.000214,0.000409,0.004434,0.000888,0.002345,0.000307,0.000501,0.999908,0.000593,0.000790,0.000637,0.000310,0.000144,0.000701,0.000615,0.000424,0.000142
0.000433,0.030901,0.000657,0.002997,0.003220,0.005083,0.000937,0.008135,0.000768,0.001273,0.002746,0.000226,0.001613,0.001640,0.002783,0.013344,0.005921,0.000393,0.002812,0.000146,0.002930,0.000697,0.000593,0.997335,0.000126,0.019095,0.003255,0.013723,0.000305,0.017324,0.055919,0.003495
0.000382,0.000158,0.003669,0.000410,0.000136,0.000392,0.001239,0.000161,0.002163,0.000489,0.000836,0.001343,0.000067,0.000204,0.001106,0.000367,0.000334,0.002057,0.000180,0.003177,0.000373,0.000556,0.000790,0.000126,0.999968,0.000026,0.000609,0.000179,0.004718,0.000541,0.000254,0.000176
0.000621,0.008051,0.000965,0.002186,0.006376,0.010446,0.002951,0.021223,0.000256,0.008956,0.001359,0.000191,0.015973,0.004014,0.000600,0.011939,0.005682,0.000165,0.018055,0.000147,0.002946,0.002244,0.000637,0.019095,0.000026,0.998923,0.001071,0.001141,0.000124,0.002595,0.015026,0.002142
0.001345,0.011177,0.001164,0.001990,0.001000,0.001523,0.000802,0.001528,0.001086,0.000697,0.000790,0.000209,0.000479,0.001593,0.009091,0.004445,0.001067,0.000365,0.000574,0.001764,0.002326,0.004185,0.000310,0.003255,0.000609,0.001071,0.999158,0.035908,0.000260,0.006511,0.003359,0.007742
0.000485,0.063643,0.000343,0.000561,0.000751,0.004759,0.000624,0.000713,0.002023,0.001020,0.000689,0.000415,0.000345,0.000889,0.021145,0.011172,0.000778,0.000239,0.000420,0.000160,0.003169,0.000949,0.000144,0.013723,0.000179,0.001141,0.035908,0.993433,0.000190,0.006885,0.014653,0.081756
0.000759,0.000138,0.000501,0.000304,0.000297,0.000167,0.000648,0.000162,0.002102,0.000793,0.001013,0.001678,0.000157,0.000209,0.000831,0.000154,0.001873,0.000780,0.000360,0.001033,0.000541,0.000647,0.000701,0.000305,0.004718,0.000124,0.000260,0.000190,0.999980,0.000479,0.000374,0.000207
0.000519,0.003812,0.000501,0.002729,0.002815,0.003538,0.000694,0.004978,0.000722,0.000381,0.001795,0.000711,0.002273,0.000512,0.001551,0.003325,0.002640,0.001151,0.001759,0.000404,0.003476,0.001203,0.000615,0.017324,0.000541,0.002595,0.006511,0.006885,0.000479,0.999678,0.011262,0.002214
0.000257,0.017194,0.000377,0.001563,0.001529,0.004727,0.001187,0.004015,0.000831,0.004016,0.001488,0.000459,0.002289,0.001289,0.001589,0.007416,0.006369,0.000471,0.002181,0.000154,0.002611,0.001494,0.000424,0.055919,0.000254,0.015026,0.003359,0.014653,0.000374,0.011262,0.997870,0.008632
0.000176,0.026814,0.000245,0.000720,0.000943,0.003471,0.000476,0.001279,0.002692,0.000688,0.000353,0.000405,0.000724,0.001058,0.010799,0.005347,0.000939,0.000255,0.000653,0.000102,0.002895,0.000808,0.000142,0.003495,0.000176,0.002142,0.007742,0.081756,0.000207,0.002214,0.008632,0.996123
