0.917949,0.074051,0.002877,0.000273,0.029655,0.070223,0.000058,0.009309,0.024144,0.001268,0.030958,0.000863,0.093126,0.000201,0.003257,0.053616,0.009355,0.000352,0.002877,0.045126,0.004316,0.000230,0.001090,0.061836,0.003331,0.001728,0.000885,0.001199,0.004352,0.060075,0.000325,0.006001,0.000685,0.005416,0.001209,0.143234,0.060597,0.000688,0.028022,0.001241,0.002508,0.027289,0.000292,0.002933,0.001418,0.021245,0.063369,0.001530,0.001602,0.006603,0.001980,0.000458,0.001420,0.000774,0.029749,0.008852,0.055147,0.003356,0.019632,0.007094,0.011629,0.015538,0.009332,0.170966,0.000745,0.001275,0.034523,0.036031,0.000817,0.025220,-0.000096,0.001130,0.039856,0.003494,0.117564,0.077878,0.005872,0.001491,0.000368,0.037819,0.035150,0.055912,0.000712,0.003192,0.002290,0.005760,0.061827,0.003791,0.002182,0.001323,0.046928,0.001306,0.020480,0.013007,0.000731,0.000431,0.003770,0.000007,0.008067,0.071687,0.063177,0.000549,0.005947,0.004095,0.000281,0.000723,0.045988,0.067029,0.007370,0.031172,0.058078,0.031666,0.002314,0.002134,0.001027,0.000703,0.002623,0.001285,0.001919,0.003528,0.000516,0.001644,0.000087,0.000120,0.001670,0.018424,0.001125,0.000919
0.074051,0.932725,0.000540,-0.000066,0.111967,0.148607,0.000219,0.000129,0.029100,0.000990,0.126204,0.000213,0.010657,0.000329,0.005250,0.014677,0.060200,0.000484,0.011045,0.023898,0.018613,0.000225,0.010211,0.057598,0.000741,0.005909,0.001772,0.016638,0.035770,0.015865,0.000161,0.000727,0.000678,0.000522,0.000795,0.062636,0.012367,0.001010,0.010264,0.002454,0.003969,0.027594,0.000723,0.000152,0.001178,0.020571,0.017435,0.004461,0.000404,0.000118,0.002597,0.000909,0.000715,0.001251,0.038635,0.007107,0.008925,0.014132,0.006937,0.016808,0.004054,0.003755,0.004441,0.020268,0.000471,0.000322,0.006966,0.063184,0.001613,0.011790,0.000859,0.000836,0.005350,0.003186,0.029602,0.022387,0.012499,0.002798,0.000301,0.010059,0.059859,0.012539,0.000917,0.010525,0.003618,0.055038,0.036785,0.000427,0.000901,0.002370,0.057268,0.017524,0.015489,0.076063,0.001692,0.000729,0.075078,0.000082,0.001256,0.030476,0.006015,0.000646,0.000061,0.009599,-0.000247,0.000207,0.014914,0.136472,0.000693,0.002349,0.013322,0.017094,0.009475,0.002305,-0.000041,-0.000306,0.002742,0.003655,0.017081,0.001683,-0.000143,0.001103,0.000793,0.000081,0.038421,0.051972,0.000641,0.013063
0.002877,0.000540,0.995734,0.005066,0.001775,0.001912,0.003141,0.000674,0.001610,0.008137,0.002915,0.016445,0.002826,0.028099,0.000111,0.000512,0.001452,0.005329,0.003707,0.000354,0.001505,0.012536,0.004870,0.000925,0.000156,0.012682,0.004260,0.001147,0.004858,0.000730,0.003069,0.002063,0.035779,0.005063,0.011673,0.003130,0.000878,0.022317,0.000505,0.001337,0.001122,0.000419,0.001855,0.001943,0.006440,0.000065,0.002888,0.002504,0.001274,0.000504,0.000453,0.000433,0.029632,0.000685,0.001573,0.000266,0.000612,0.012705,0.000198,0.007124,0.000704,0.012123,0.002570,0.000987,0.003036,0.001168,0.009078,0.001606,0.000370,-0.000222,0.000393,0.013346,0.001454,0.001315,0.001217,0.001487,-0.000079,0.009827,0.004435,0.000293,0.000511,0.000525,0.001407,0.003632,0.017027,0.002113,0.002928,0.036245,0.002772,0.007046,0.010102,0.001916,0.007146,0.007686,0.002061,0.007705,0.000135,0.001045,0.001739,0.001127,0.003759,0.001109,0.004173,0.000571,0.000914,0.002825,0.000228,0.001329,0.000576,0.000365,0.000057,0.002804,0.003849,0.006964,0.022321,0.012695,0.000908,-0.000366,0.006416,0.019147,0.003469,0.002811,0.002100,0.003804,0.001193,0.001292,0.002335,0.000280
0.000273,-0.000066,0.005066,0.853880,0.002282,0.001133,0.000387,0.026857,0.003639,0.004485,0.001822,0.000594,0.001113,0.001784,0.021340,0.000992,0.001791,0.002833,0.005431,0.001011,0.050340,0.000540,0.021751,0.000602,0.001703,0.003560,0.043094,0.011709,0.010021,0.003244,0.002236,0.002851,0.005947,0.006760,0.002555,0.001413,0.002170,0.003299,0.009471,0.009833,0.058943,0.002892,0.006296,0.002746,0.005528,0.002964,0.002231,0.019453,0.090777,0.002751,0.001878,0.190249,0.008919,0.020296,0.006286,-0.000162,0.002704,0.037903,0.000988,0.009266,0.001989,0.000725,0.071343,0.000797,0.002049,0.002433,0.000733,0.004126,0.151057,0.006318,0.131001,0.003233,0.001549,0.006834,0.000635,0.000615,0.002415,0.029827,0.002229,0.001610,0.000076,0.001587,0.010840,0.013861,0.002566,0.009361,0.001708,0.001947,0.013293,0.004668,0.004309,0.021106,0.008207,0.002733,0.006094,0.008299,0.002401,0.000186,0.002414,0.000625,0.002661,0.167305,0.002994,0.005204,0.018212,0.187506,0.001228,0.002234,0.000701,0.001300,-0.000540,0.005946,0.035918,0.003725,0.004163,0.007888,0.027224,0.044131,0.013704,0.002167,0.002571,0.176983,0.103739,0.000489,0.002112,0.001323,0.237375,0.007038
0.029655,0.111967,0.001775,0.002282,0.902976,0.141154,0.000259,0.009874,0.062098,0.001003,0.198656,0.000088,0.002718,0.000395,0.006545,0.009688,0.087127,0.000332,0.002356,0.034420,0.026286,0.000621,0.011698,0.011233,0.003227,0.004237,0.003181,0.009421,0.025155,0.007330,0.003197,0.001773,0.001436,0.002467,0.000171,0.062434,0.009896,0.001531,0.015662,0.000311,0.000683,0.042206,0.000580,0.000072,0.002919,0.010412,0.015856,0.003130,0.002576,0.001522,0.000992,0.001952,0.000354,0.002639,0.028777,0.004184,0.013595,0.017061,0.028949,0.026269,0.000493,0.002666,0.001427,0.054155,0.001564,0.001242,0.003089,0.089790,0.002146,0.007728,0.000828,0.001131,0.001746,0.006435,0.027371,0.008266,0.008639,0.014433,0.000278,0.016511,0.056819,0.096385,0.001146,0.007519,0.006360,0.067225,0.065868,0.001143,0.000319,0.000395,0.008231,0.049328,0.038277,0.053317,0.002329,0.000245,0.127961,0.000430,0.000884,0.048781,0.007540,0.002717,0.001242,0.003302,0.000034,0.003098,0.000320,0.087827,0.000437,0.009932,0.009433,0.025440,0.020120,0.005121,0.006237,0.000749,0.000178,0.017292,0.005877,0.000666,0.004118,0.000948,0.002959,0.000223,0.072270,0.116778,0.001677,0.001270
0.070223,0.148607,0.001912,0.001133,0.141154,0.913787,0.000162,0.000663,0.069645,0.001756,0.097625,0.000735,0.012111,0.000607,0.007727,0.027268,0.066588,0.000435,0.002391,0.035629,0.003529,0.000315,0.003486,0.066807,0.001355,0.005618,0.000619,0.008632,0.025536,0.008563,0.000380,0.003747,0.002792,0.002408,0.000096,0.045371,0.010062,0.001426,0.013814,0.000485,0.002097,0.067865,0.001648,0.000479,0.001563,0.022612,0.023234,0.002167,0.003276,0.000687,0.001307,0.001107,0.000490,0.001367,0.026604,-0.000565,0.005116,0.006881,0.014685,0.002612,0.002292,0.003943,0.003475,0.033852,0.002149,0.000635,0.009615,0.044019,0.001056,0.025473,0.000782,0.001053,0.012945,0.002755,0.083824,0.018851,0.007109,0.003513,0.000608,0.032831,0.132091,0.048428,0.000480,0.002416,0.003431,0.087065,0.015072,0.000502,0.001018,0.001064,0.017422,0.008266,0.002890,0.012019,0.000361,0.001606,0.076096,0.000420,0.002062,0.103318,0.026011,0.002422,0.001892,0.008750,0.000030,0.001135,0.006772,0.141944,0.000167,0.006068,0.028319,0.018693,0.003881,0.001297,0.002458,0.000197,0.002359,0.000678,0.003632,0.000869,0.000405,0.001381,0.000733,0.000259,0.017904,0.053561,0.001451,0.006704
0.000058,0.000219,0.003141,0.000387,0.000259,0.000162,0.996060,0.000025,0.000437,0.005298,0.000524,0.008070,0.000198,0.008159,0.000145,0.000131,0.000309,0.005956,0.000242,0.000086,0.000432,0.060850,0.000353,0.000302,0.000231,0.000630,0.000045,0.000621,0.000515,0.000017,0.004808,0.000542,0.001544,0.000103,0.004510,0.000747,0.000056,0.014143,0.000097,0.000476,0.000507,0.000275,0.000718,0.000509,0.001331,0.000266,0.000289,0.001113,0.000262,0.000335,0.000625,0.000316,0.004136,0.000209,0.000598,0.000236,0.000342,0.000539,0.000028,0.000377,0.000908,-0.000017,-0.000088,0.000201,0.002630,0.000817,0.000120,0.000035,0.000551,0.000116,0.000440,0.004224,0.000668,0.000345,0.000167,0.000405,0.000164,0.000799,0.004189,-0.000001,0.000104,0.000125,0.001040,0.000379,0.000149,-0.000024,0.000818,0.001132,0.000205,0.000973,0.000190,0.000389,0.000055,0.000954,0.000461,0.000925,0.000355,0.031503,0.000210,0.000170,0.001114,0.000473,0.000396,-0.000020,0.001490,0.000396,0.000072,0.000288,0.000481,0.000394,0.000041,0.000012,0.000299,0.000304,0.009142,0.002201,0.000188,0.000925,0.000055,0.001146,0.001223,0.000370,0.000540,0.050400,0.001048,0.000364,0.000231,0.001389
0.009309,0.000129,0.000674,0.026857,0.009874,0.000663,0.000025,0.891522,0.039886,0.001312,0.005267,0.000111,0.035182,0.000173,0.083712,0.037078,0.003118,0.000167,0.002947,0.025476,0.069718,-0.000041,0.005293,0.000372,0.012229,0.000937,0.032305,-0.000498,0.003280,0.103567,0.003389,0.004353,0.000500,0.005409,0.000865,0.009409,0.015004,0.000641,0.107071,0.008418,0.048557,0.094647,0.001753,0.002450,0.002708,0.056357,0.057208,0.039581,0.084008,0.015069,0.003396,0.045940,0.001735,0.036113,0.103932,0.047542,0.021094,0.006935,0.068696,0.011380,0.075736,0.002028,0.071222,0.023829,0.001295,0.001916,0.008179,0.015558,0.073650,0.157976,0.100925,0.000304,0.008030,0.017741,0.002052,0.018742,0.177626,0.002269,0.000217,0.073402,0.006713,0.014746,0.007400,0.002125,0.001116,0.003292,0.007219,0.001410,0.019280,-0.000304,0.006199,0.006237,0.047000,0.003253,0.006669,0.001505,0.009309,0.000019,0.003320,0.002522,0.006966,0.058285,0.005567,0.003926,0.040727,0.062988,0.033263,0.003127,0.007393,0.017823,0.028784,0.021105,0.006087,0.003942,0.001928,0.004960,0.006120,0.059402,0.001996,0.000559,0.003293,0.019581,0.073482,0.000169,0.008378,0.012242,0.022072,-0.000532
0.024144,0.029100,0.001610,0.003639,0.062098,0.069645,0.000437,0.039886,0.843451,0.001395,0.044048,0.000333,0.035791,0.000545,0.026032,0.068496,0.015364,0.000155,0.001157,0.128392,0.016494,0.000213,0.002356,0.089759,0.001387,0.003198,0.007331,0.001655,0.001043,0.041846,0.002078,0.002265,0.000809,0.001429,0.001043,0.036969,0.017374,0.001854,0.066134,0.003896,0.004023,0.181707,0.000832,0.001081,0.001485,0.042692,0.109956,0.017823,0.009347,0.002562,0.000766,0.001935,0.001241,0.004155,0.124065,0.025215,0.006476,0.007721,0.150921,0.001834,0.050794,0.001875,0.002877,0.069850,0.001343,0.001315,0.013785,0.076616,0.000207,0.054844,0.001993,0.000690,0.019330,0.000954,0.140996,0.056224,0.056388,0.002667,0.000298,0.056835,0.068745,0.079233,0.000935,0.000798,0.000581,0.021716,0.015134,0.002736,0.002353,0.000262,0.002082,0.001897,0.012366,0.002477,0.001609,0.000233,0.173635,0.000571,0.000358,0.208125,0.025944,0.004273,0.001421,0.007769,0.001139,0.004547,0.058743,0.068865,0.001193,0.015206,0.046920,0.031420,0.000116,0.000234,0.002781,0.000560,0.003096,0.004303,0.000628,0.000104,0.001455,0.000690,0.011045,0.000653,0.024453,0.063925,0.002805,0.005563
0.001268,0.000990,0.008137,0.004485,0.001003,0.001756,0.005298,0.001312,0.001395,0.909611,0.002673,0.003368,0.006186,0.027831,0.003083,-0.000042,0.002059,0.045634,0.017250,-0.000086,0.003140,0.047204,0.001991,0.001508,0.000662,0.010115,0.015616,0.003151,0.005235,0.000359,0.002067,0.003586,0.088711,0.004696,0.055594,0.002294,0.002416,0.252818,0.002650,0.014685,0.007339,0.001611,0.004537,0.000707,0.003344,0.001410,0.004314,0.014736,0.004359,0.002734,0.005530,0.003310,0.014320,0.010226,0.002247,0.001213,0.002903,0.006455,0.000971,0.003204,0.002735,0.009129,0.010890,0.001131,0.035451,0.003787,0.011667,0.001329,0.000736,0.001225,0.003930,0.293313,0.002826,0.004312,0.001383,0.000769,0.000040,0.007964,0.028894,0.000002,0.000491,0.001622,0.004240,0.001565,0.003814,0.001215,0.001630,0.009615,0.014826,0.002780,0.001302,0.004072,0.002128,0.006936,0.006773,0.009640,0.000047,0.000391,0.004098,0.001306,0.005592,0.001933,0.001936,0.017576,0.010541,0.003383,0.001296,0.003413,0.002544,0.001712,0.000623,0.001374,0.003656,0.006128,0.004720,0.017410,0.013907,0.002261,0.012604,0.011784,0.002338,0.009175,0.003209,0.000333,0.003365,0.000945,0.004945,0.003812
0.030958,0.126204,0.002915,0.001822,0.198656,0.097625,0.000524,0.005267,0.044048,0.002673,0.890712,0.000521,0.017424,0.000896,0.005425,0.021387,0.161972,0.000377,0.008635,0.018561,0.015224,0.001430,0.011616,0.015377,0.000114,0.005890,0.005915,0.006041,0.025893,0.016977,0.002339,-0.000018,0.001257,0.000158,0.001433,0.031801,0.001693,0.003097,0.018015,0.002498,0.002462,0.044551,0.000450,0.000305,0.002793,0.007881,0.026674,0.010853,0.002344,0.000308,0.001416,0.002275,0.003648,0.002354,0.041854,0.006482,0.005644,0.017376,0.021810,0.025691,0.008441,0.004388,0.004706,0.015727,0.001803,0.000326,0.012895,0.080996,0.002809,0.006069,0.001956,0.002335,0.001175,0.003292,0.035456,0.023932,0.004752,0.008116,0.000328,0.010832,0.053981,0.014873,0.001767,0.009972,0.004291,0.081026,0.030074,0.003644,0.000893,0.001613,0.018094,0.022485,0.027306,0.055834,0.001526,0.000627,0.094917,0.000268,-0.000125,0.043575,0.007395,0.001537,0.000314,0.004000,0.000246,0.002450,0.006154,0.181003,0.000009,0.001320,0.012821,0.004790,0.011386,0.004195,0.003640,0.001025,0.000831,0.008058,0.008658,0.001397,0.001353,0.000303,0.002477,0.000290,0.097922,0.153516,0.001573,0.004314
0.000863,0.000213,0.016445,0.000594,0.000088,0.000735,0.008070,0.000111,0.000333,0.003368,0.000521,0.996823,0.000544,0.043061,0.000186,0.000208,0.001298,0.010366,0.002299,0.000011,0.000455,0.010540,0.001131,0.000409,-0.000060,0.005278,-0.000038,0.001641,0.000953,0.000229,0.000594,0.001363,0.011328,0.003983,0.018158,0.001399,0.000187,0.005083,0.000055,0.001496,0.000924,0.000089,0.006090,0.000632,0.008919,0.000036,0.000894,0.000900,0.000685,0.000124,0.003520,0.000252,0.035461,-0.000168,0.000397,0.000081,0.000293,0.000939,-0.000092,0.000372,0.000812,0.001223,0.000075,0.000018,0.004551,0.000567,0.002164,0.000051,0.000402,0.000444,0.000172,0.002253,0.001563,0.001011,0.001188,0.000437,0.000031,0.001024,0.009533,0.000104,0.000439,-0.000074,0.003552,0.001914,0.003849,0.000878,0.000535,0.008767,0.002447,0.021594,0.004390,0.000109,0.000267,0.002918,0.001010,0.004502,0.000016,0.007261,0.001339,0.000128,0.003010,0.000241,0.002325,0.001634,0.001062,0.000361,0.000188,0.000310,0.000597,0.000016,0.000095,0.000793,0.000212,0.001931,0.005080,0.002734,0.000745,0.000064,-0.000162,0.007900,0.001105,0.000261,0.000050,0.032066,0.000722,0.000528,0.000889,0.004092
0.093126,0.010657,0.002826,0.001113,0.002718,0.012111,0.000198,0.035182,0.035791,0.006186,0.017424,0.000544,0.892901,0.000626,0.001747,0.123103,0.007730,0.000806,0.007347,0.022852,0.000784,0.001274,0.002090,0.070623,0.003664,0.000906,0.018768,0.000470,0.002029,0.098546,0.000905,0.003188,0.002029,0.003376,0.004104,0.021119,0.022029,0.001407,0.064455,0.002604,0.017230,0.050332,0.000792,0.002294,0.002049,0.031775,0.212441,0.014173,0.003524,0.002768,0.005616,0.005291,0.000948,0.002375,0.027328,0.017866,0.018244,0.004872,0.052948,0.004051,0.055470,0.052134,0.032894,0.027789,0.002631,0.002157,0.187277,0.025048,-0.000825,0.048769,0.000740,0.002952,0.017129,0.006521,0.099286,0.100349,0.010401,0.001459,0.000673,0.049124,0.023998,0.020252,0.002244,0.001034,0.001332,0.007025,0.011386,0.009953,0.006894,0.000815,0.026794,0.000106,0.010595,0.004891,0.003871,0.001727,-0.005473,0.000014,0.008229,0.064045,0.023476,0.000458,0.005820,0.010095,0.003910,0.001748,0.125605,0.036915,0.006765,0.012800,0.090833,0.005756,0.001825,0.001530,0.001118,0.003172,0.004361,0.000026,0.002560,0.002631,0.000391,0.004006,0.000620,-0.000019,0.003434,0.007406,0.000155,-0.000025
0.000201,0.000329,0.028099,0.001784,0.000395,0.000607,0.008159,0.000173,0.000545,0.027831,0.000896,0.043061,0.000626,0.968687,0.000410,0.000227,0.000559,0.129524,0.003679,0.000035,0.000864,0.056252,0.001923,0.000172,0.000052,0.013839,0.001603,0.004065,0.003233,0.000088,0.002288,0.002303,0.107775,0.008466,0.044337,0.003012,0.000060,0.058529,0.000505,0.001914,0.000778,0.000066,0.013126,0.000361,0.006669,0.000102,0.000868,0.001947,0.000946,0.000204,0.003025,0.000699,0.067310,0.000236,0.000279,0.000019,0.000279,0.006012,-0.000030,0.000794,0.000971,0.002792,0.001622,0.000282,0.069446,0.000576,0.001864,0.000204,0.000469,0.000377,0.000259,0.062118,0.000869,0.000662,0.000404,0.000106,0.000002,0.003040,0.068980,0.000022,0.000212,0.000173,0.003577,0.002653,0.008231,0.000350,0.001009,0.010887,0.004143,0.004456,0.004808,0.002495,0.000067,0.003720,0.002276,0.016038,0.000098,0.001073,0.003341,0.000162,0.003334,0.000387,0.002444,0.004631,0.000954,0.000664,0.000285,0.000245,0.000453,-0.000109,0.000019,0.000592,0.000958,0.004081,0.019736,0.002529,0.001937,0.000191,0.005673,0.037241,0.001595,0.000339,0.000208,0.012037,0.000651,0.000420,0.002552,0.003491
0.003257,0.005250,0.000111,0.021340,0.006545,0.007727,0.000145,0.083712,0.026032,0.003083,0.005425,0.000186,0.001747,0.000410,0.934125,0.007901,0.006155,0.000258,0.010228,0.012337,0.071419,-0.000037,0.003689,0.001850,0.003605,0.006767,0.012605,0.013346,0.002095,0.015562,0.004770,0.003140,0.002576,0.003462,0.001314,0.004294,0.005362,0.001066,0.030193,0.044050,0.025744,0.012181,0.003563,0.001691,0.012416,0.057470,0.037460,0.011614,0.100659,0.003826,0.010139,0.026293,0.001448,0.047499,0.046828,0.047716,0.012972,0.008147,0.011292,0.009904,0.043920,0.004758,0.092953,0.015888,0.002365,0.000518,0.005822,0.010717,0.068505,0.060782,0.030149,0.001073,0.007201,0.034233,0.013402,0.003985,0.045086,0.002663,0.000615,0.043512,0.017428,0.003619,0.011874,0.003888,0.005334,0.009962,0.005214,0.002764,0.024686,0.003833,0.006187,0.017040,0.011645,0.007045,0.013443,0.002537,0.009039,0.000209,0.001583,0.002395,0.012151,0.096625,0.002934,0.013471,0.013040,0.028725,0.012425,0.011849,0.001902,0.003376,0.026613,0.015964,0.002754,0.006889,0.002560,0.007550,0.139907,0.011103,0.002721,0.001665,0.003942,0.065184,0.108102,0.000387,0.009237,0.006830,0.101180,0.016664
0.053616,0.014677,0.000512,0.000992,0.009688,0.027268,0.000131,0.037078,0.068496,-0.000042,0.021387,0.000208,0.123103,0.000227,0.007901,0.836212,0.005635,0.000138,0.001279,0.082407,-0.001704,0.000178,0.000795,0.122970,0.002091,0.001736,0.003189,0.000570,0.000295,0.135981,0.001383,0.001758,0.000086,0.000413,0.000208,0.008175,0.001902,0.000247,0.081967,0.000754,0.001353,0.097199,0.000290,0.000932,0.001384,0.120663,0.095168,0.002247,0.005187,0.000933,0.000723,0.002800,0.000379,0.000599,0.138155,0.076750,0.004808,0.002394,0.150129,0.000941,0.055775,0.003339,0.007797,0.032552,0.000267,0.000537,0.013132,0.023116,0.001405,0.093902,0.002191,0.000229,0.004058,-0.000230,0.121151,0.175272,0.019788,0.000984,0.000133,0.171990,0.069068,0.008308,0.000339,0.001030,0.000979,0.007840,0.003633,0.001008,0.003434,0.000104,0.006271,0.001307,0.007565,0.001772,0.000384,0.000538,0.032472,0.000222,0.002012,0.090978,0.006933,0.003424,0.000928,0.004172,0.004251,0.002538,0.120082,0.072644,0.001343,0.006016,0.152389,0.000269,0.000542,0.001362,0.000978,0.000281,0.001484,0.001156,0.000165,0.000628,0.000913,0.002766,0.003853,0.000284,0.004688,0.022898,0.001544,0.002152
0.009355,0.060200,0.001452,0.001791,0.087127,0.066588,0.000309,0.003118,0.015364,0.002059,0.161972,0.001298,0.007730,0.000559,0.006155,0.005635,0.915355,0.000293,0.016898,0.010734,0.008298,0.001182,0.009208,0.011711,0.000142,0.006252,0.004578,0.004991,0.019974,0.003756,0.001102,-0.000019,0.002411,0.000402,0.000689,0.010166,0.002493,0.001144,0.010175,0.003752,0.004936,0.016097,0.001436,0.000206,0.006175,0.008308,0.011345,0.007352,0.000887,0.000250,0.003357,0.000928,0.001665,0.003803,0.002568,0.003563,0.005949,0.008218,0.010390,0.007795,0.001762,0.004150,0.001198,0.001211,0.002049,0.000263,0.006839,0.038536,0.001468,0.003724,0.001277,0.001061,0.002224,0.005602,0.019145,0.008632,0.004415,0.003304,0.000538,0.003843,0.057282,0.011049,0.003177,0.004701,0.009481,0.105644,0.013561,0.002982,0.000689,0.003774,0.011719,0.014582,0.011284,0.032049,0.003245,0.001042,0.081638,0.000604,0.000467,0.016599,0.006164,0.000771,0.000249,0.009329,0.000849,0.000366,0.004541,0.058334,0.000138,0.001089,0.000654,0.003630,0.004392,0.004734,0.002359,0.001941,0.001109,0.001013,0.007285,0.001346,0.001696,0.000494,0.001546,0.000261,0.098101,0.279761,0.000920,0.020532
0.000352,0.000484,0.005329,0.002833,0.000332,0.000435,0.005956,0.000167,0.000155,0.045634,0.000377,0.010366,0.000806,0.129524,0.000258,0.000138,0.000293,0.932937,0.004004,0.000070,0.002351,0.054236,0.001352,0.000277,0.000090,0.003205,0.003385,0.003706,0.002758,0.000371,0.002131,0.005323,0.095229,0.009172,0.025615,0.001705,0.000540,0.039385,0.000841,0.003253,0.003669,0.000278,0.071445,0.000262,0.003800,0.000382,0.000566,0.003633,0.002230,0.001294,0.005638,0.002595,0.017574,0.001339,0.000212,0.000061,0.001107,0.001956,0.000068,0.001283,0.001676,0.001962,0.004345,0.000343,0.150176,0.002483,0.002061,0.000178,0.002022,0.001303,0.001802,0.109283,0.001278,0.003300,0.000238,0.000230,0.000102,0.003320,0.225696,0.000059,0.000099,0.000240,0.005386,0.002553,0.002356,0.000477,0.000634,0.003338,0.006478,0.003809,0.002058,0.000735,0.000332,0.001160,0.002981,0.057182,0.000116,0.000443,0.003607,0.000230,0.002205,0.000330,0.004217,0.005818,0.004700,0.002608,0.000373,0.000380,0.002998,0.000178,0.000054,0.000607,0.002361,0.001834,0.012028,0.024645,0.004449,0.000995,0.003732,0.028087,0.002415,0.003182,-0.000007,0.001890,0.000767,0.000395,0.006201,0.003780
0.002877,0.011045,0.003707,0.005431,0.002356,0.002391,0.000242,0.002947,0.001157,0.017250,0.008635,0.002299,0.007347,0.003679,0.010228,0.001279,0.016898,0.004004,0.956546,0.000149,0.010565,0.003372,0.041134,0.006848,0.000473,0.011171,0.086996,0.013490,0.019374,0.003327,0.000411,0.001041,0.011990,0.017208,0.025984,0.001944,0.004770,0.002030,0.011278,0.139311,0.013864,0.001108,0.002330,0.000640,0.019286,0.005983,0.009675,0.081138,-0.000960,0.001114,0.017094,0.001892,0.035350,0.065273,0.004373,0.002974,0.008737,0.029219,0.002163,0.010227,0.003506,0.019701,0.041842,0.000279,0.002139,0.001183,0.026858,0.006230,0.004180,0.003627,0.003147,0.006476,0.001312,0.013970,0.001416,0.002011,0.006024,0.017037,0.000449,0.001011,0.013162,0.000330,0.012070,0.007591,0.014981,0.016760,0.006870,0.010345,0.077849,0.037395,0.022551,0.010035,0.012689,0.030689,0.017689,0.003659,0.001434,0.000055,0.006986,0.002988,0.002471,0.000456,0.002609,0.118010,0.020564,0.003287,0.001968,0.006826,0.002964,-0.000201,0.004046,0.000757,0.007665,0.020616,0.000500,0.002457,0.022296,0.004405,0.063370,0.019867,0.000876,0.003702,0.011468,-0.000008,0.018672,0.006950,0.005205,0.066696
0.045126,0.023898,0.000354,0.001011,0.034420,0.035629,0.000086,0.025476,0.128392,-0.000086,0.018561,0.000011,0.022852,0.000035,0.012337,0.082407,0.010734,0.000070,0.000149,0.886730,0.003878,0.000051,0.000902,0.062925,0.000458,0.001716,-0.000271,-0.000074,-0.000375,0.056904,0.001429,-0.000123,0.000189,0.000203,0.000111,0.020317,0.004241,-0.000018,0.043158,0.000052,-0.000302,0.098677,0.000587,0.000791,0.001311,0.074828,0.014694,-0.002631,0.000477,0.000342,0.001268,0.001123,0.000103,0.001929,0.030285,0.067298,0.009176,-0.000098,0.214670,0.001462,0.012072,0.001367,0.000736,0.069828,0.000495,0.000303,-0.003074,0.035802,0.001535,0.031528,0.001783,0.000052,0.004696,0.002395,0.116219,0.065658,0.020762,-0.000001,0.000074,0.118788,0.046193,0.072652,0.001003,0.000389,0.001495,0.006188,0.015680,0.000901,0.000683,0.000109,0.003194,0.000925,0.002629,0.000891,0.001571,0.000288,0.119176,0.000364,-0.000055,0.166830,0.013133,0.004102,0.000155,0.001108,-0.000036,0.000673,0.105050,0.060742,0.000868,0.010462,0.043115,0.009005,-0.000068,0.001550,0.000556,0.000798,0.001990,0.000440,0.000100,0.000275,0.000830,0.001407,0.001181,0.000143,0.000292,0.021209,0.001022,0.000967
0.004316,0.018613,0.001505,0.050340,0.026286,0.003529,0.000432,0.069718,0.016494,0.003140,0.015224,0.000455,0.000784,0.000864,0.071419,-0.001704,0.008298,0.002351,0.010565,0.003878,0.904078,0.000134,0.061659,-0.000615,0.007604,0.002819,0.036108,0.046668,0.015538,0.026704,0.007761,0.002797,0.002907,0.005195,0.001214,0.014334,0.005490,0.002847,0.040185,0.031074,0.096271,0.010721,0.003616,0.000644,0.008674,0.018103,0.010388,0.035338,0.060250,0.011640,0.002699,0.037971,0.006527,0.046830,0.058253,0.022256,0.013544,0.042754,0.006123,0.102484,0.026281,0.000782,0.021620,0.012081,0.001989,0.002834,0.003000,0.022865,0.138555,0.049117,0.066499,0.002003,0.004118,0.026340,-0.000698,0.006751,0.059632,0.031007,0.001433,0.011813,0.017288,0.004879,0.010207,0.076486,0.001976,0.010804,0.016360,0.001897,0.016916,0.003051,0.012283,0.059064,0.087676,0.031225,0.011855,0.002692,0.023722,0.000170,0.000602,0.001988,0.006663,0.048296,0.003545,0.013952,0.035301,0.042591,0.005981,0.018008,0.003102,0.005931,0.003142,0.034751,0.034468,0.003652,0.006207,0.010674,0.004955,0.211390,0.003998,0.001956,0.006906,0.013392,0.079192,0.001024,0.071186,0.017817,0.054652,0.023955
0.000230,0.000225,0.012536,0.000540,0.000621,0.000315,0.060850,-0.000041,0.000213,0.047204,0.001430,0.010540,0.001274,0.056252,-0.000037,0.000178,0.001182,0.054236,0.003372,0.000051,0.000134,0.982113,0.001768,0.000220,0.000148,0.000830,0.002367,0.002003,0.003461,0.000054,0.004689,0.001185,0.027804,0.002360,0.038003,0.001738,0.000677,0.068531,0.000450,0.000980,0.001049,0.000130,-0.000012,0.000446,0.002252,0.000133,0.000133,0.003218,0.000057,0.000225,0.001398,0.000608,0.019325,0.000330,0.000247,0.000062,0.001124,0.003634,0.000081,0.001175,0.000418,0.003557,0.000044,-0.000001,0.035845,0.002148,0.002981,0.000229,0.000130,0.000024,0.000499,0.113849,0.001877,0.000826,0.000170,0.000087,0.000080,0.004277,0.026316,-0.000028,0.000176,0.000407,0.001644,0.001543,0.000506,0.000185,0.001797,0.012759,0.000111,0.002156,0.001916,0.001178,0.000406,0.004095,0.001124,0.003491,0.000013,0.001697,0.002156,0.000213,0.001946,0.000256,0.001595,0.003318,0.001761,0.000268,0.000159,0.000494,0.001082,0.000291,0.000034,-0.000136,0.002234,0.001353,0.018618,0.004366,-0.000061,0.000969,0.004920,0.009082,0.002086,0.000299,0.000339,0.005232,0.001864,0.000514,0.000034,0.002008
0.001090,0.010211,0.004870,0.021751,0.011698,0.003486,0.000353,0.005293,0.002356,0.001991,0.011616,0.001131,0.002090,0.001923,0.003689,0.000795,0.009208,0.001352,0.041134,0.000902,0.061659,0.001768,0.931109,0.001335,0.007090,0.000326,0.032533,0.090154,0.066923,0.002499,0.000971,0.003729,0.005697,0.020180,0.000609,0.007900,0.011881,0.001948,0.005491,0.026622,0.012104,0.004161,0.002254,0.001986,0.007952,0.001324,0.001829,0.038889,0.004785,0.007418,0.002010,0.011581,0.008263,0.035574,0.003259,0.000483,0.016907,0.091421,0.000462,0.093891,0.001380,0.003064,0.007154,0.001439,0.001241,0.005233,0.006282,0.011277,0.009114,0.004224,0.011083,0.002238,0.002781,0.007436,0.000125,0.000945,0.008207,0.123228,0.000413,0.000489,0.011189,0.003862,0.006454,0.119459,0.002158,0.027787,0.014676,0.003649,0.011509,0.006138,0.019710,0.107190,0.099942,0.049087,0.003846,0.002274,0.003925,0.000162,0.005605,0.001522,0.004120,0.005056,0.006816,0.031154,0.009040,0.014343,-0.000082,0.003580,0.003064,0.002443,0.002521,0.009136,0.134208,0.003627,0.007614,0.001733,0.000726,0.081306,0.070749,0.000874,0.003198,0.003598,0.018814,0.000661,0.047644,0.007168,0.016920,0.025912
0.061836,0.057598,0.000925,0.000602,0.011233,0.066807,0.000302,0.000372,0.089759,0.001508,0.015377,0.000409,0.070623,0.000172,0.001850,0.122970,0.011711,0.000277,0.006848,0.062925,-0.000615,0.000220,0.001335,0.868900,0.001500,0.004481,0.000749,0.001296,0.000261,0.063333,0.000346,0.002155,0.000709,0.001378,0.001020,0.014222,0.014335,0.000533,0.039880,0.004236,0.002420,0.115776,0.000349,0.001595,0.003223,0.134941,0.089940,0.010932,0.000342,0.001468,0.005285,-0.000615,0.000443,0.002631,0.049743,0.077640,0.004161,0.000378,0.092089,-0.000262,0.033491,0.006735,0.001862,0.025364,0.000099,0.000686,0.032293,0.030793,0.000166,0.030401,0.000420,0.000598,0.006588,0.001458,0.148885,0.179037,0.008002,0.000578,0.000258,0.067827,0.060505,0.020262,0.002370,0.000277,0.002256,0.013803,0.006748,0.001766,0.002409,0.001416,0.007311,0.000104,0.005910,0.001532,0.001699,0.000317,0.053944,0.000159,0.002712,0.191140,0.014704,-0.000227,0.001928,0.003594,0.001787,0.000849,0.090105,0.077240,0.001447,0.005690,0.125410,0.007501,0.000356,0.001754,0.000347,0.000158,0.003982,-0.000427,0.000651,0.001295,0.000666,0.000944,0.003254,0.000098,0.000217,0.007480,0.000879,0.004324
0.003331,0.000741,0.000156,0.001703,0.003227,0.001355,0.000231,0.012229,0.001387,0.000662,0.000114,-0.000060,0.003664,0.000052,0.003605,0.002091,0.000142,0.000090,0.000473,0.000458,0.007604,0.000148,0.007090,0.001500,0.857075,0.000089,0.002772,0.003172,0.001424,0.006589,0.003612,0.168233,0.000332,0.029529,-0.000268,0.006599,0.047085,0.000552,0.003229,0.000948,0.003870,0.002082,0.001139,0.175507,0.000933,0.001928,0.002806,0.001034,0.002880,0.209596,0.001094,0.005750,-0.000151,0.003058,0.002102,0.004971,0.070479,0.000836,0.002933,0.003697,0.002147,0.001544,0.001749,0.038583,0.000721,0.245735,0.002239,0.003047,0.006208,0.007980,0.002247,0.000318,0.021070,0.006812,0.001320,0.002663,0.002956,0.002591,0.000399,0.005536,0.001705,0.027617,0.000543,0.001357,0.000560,0.001357,0.016298,0.000397,0.001248,0.000071,0.000882,0.004825,0.018548,0.000385,0.001509,0.001294,0.001147,0.000386,0.078827,0.002398,0.015301,0.002857,0.131859,0.000449,0.001980,0.003994,0.004204,0.000168,0.190881,0.169069,0.005332,0.021073,0.004655,0.001355,0.003560,0.002363,-0.000035,0.009200,0.001103,-0.000097,0.015263,0.002468,0.004995,0.000440,0.000380,0.001023,0.002163,0.000052
0.001728,0.005909,0.012682,0.003560,0.004237,0.005618,0.000630,0.000937,0.003198,0.010115,0.005890,0.005278,0.000906,0.013839,0.006767,0.001736,0.006252,0.003205,0.011171,0.001716,0.002819,0.000830,0.000326,0.004481,0.000089,0.971912,0.000881,0.003960,0.004277,0.000624,0.002539,0.002689,0.013683,0.002263,0.015919,0.003371,-0.000063,0.011672,0.000797,0.003514,0.000982,0.001733,0.002244,0.000530,0.011029,0.004694,0.004435,0.000352,0.002566,0.000033,0.006280,-0.000007,0.017436,0.002062,0.003148,0.002241,0.000317,0.003828,0.000535,0.001647,0.002638,0.002937,0.005552,0.000293,0.002338,0.000261,0.002382,0.001388,0.001446,0.000364,0.000836,0.006495,0.000978,0.003031,0.004346,0.001853,-0.000430,0.003577,0.002912,0.002334,0.001327,0.001215,0.004276,0.002154,0.181050,0.009034,0.002170,0.003480,0.003232,0.006481,0.005464,0.012434,0.001881,0.005314,0.007304,0.003153,0.001090,0.000715,0.001973,0.002210,0.006464,0.000984,0.000979,0.007148,0.000487,0.001168,0.001703,0.006059,0.000249,0.000552,-0.000093,0.004163,0.000030,0.136134,0.004906,0.001951,0.013558,-0.000042,0.009592,0.028135,0.002965,0.003610,0.003359,0.000866,0.001152,0.002370,0.003318,0.006784
0.000885,0.001772,0.004260,0.043094,0.003181,0.000619,0.000045,0.032305,0.007331,0.015616,0.005915,-0.000038,0.018768,0.001603,0.012605,0.003189,0.004578,0.003385,0.086996,-0.000271,0.036108,0.002367,0.032533,0.000749,0.002772,0.000881,0.922811,0.003592,0.008153,0.009294,0.000990,0.001982,0.004013,0.008358,0.005698,0.001152,0.006629,0.004484,0.038434,0.085356,0.060757,0.004399,0.001334,0.000841,0.003397,0.000498,0.010462,0.182268,0.047293,0.005761,0.002317,0.045732,0.005281,0.146595,0.013077,0.000808,0.004513,0.082647,0.005700,0.015263,0.003821,0.015381,0.075090,0.000621,0.001595,0.004078,0.029695,0.013741,0.004587,0.007354,0.055803,0.008331,0.002053,0.005500,0.000209,0.001561,0.062475,0.024709,0.001434,0.002121,0.008278,0.002780,0.003910,0.011733,0.001376,0.007093,0.003130,0.005644,0.112131,0.001621,0.003212,0.005675,0.020936,0.004364,0.011342,0.001947,0.002856,0.000069,0.004206,0.002384,-0.000176,0.013820,0.002720,0.097641,0.097784,0.026115,0.005922,0.002942,0.003393,0.001212,0.002575,0.000864,0.024200,0.003939,0.000738,0.004962,0.017347,0.051049,0.025576,0.002813,0.000804,0.021525,0.036288,0.000094,0.020923,0.008811,0.015356,0.013431
0.001199,0.016638,0.001147,0.011709,0.009421,0.008632,0.000621,-0.000498,0.001655,0.003151,0.006041,0.001641,0.000470,0.004065,0.013346,0.000570,0.004991,0.003706,0.013490,-0.000074,0.046668,0.002003,0.090154,0.001296,0.003172,0.003960,0.003592,0.945752,0.106003,0.002043,0.001975,0.004051,0.013857,0.010488,0.002542,0.008288,0.002605,0.003183,-0.000629,0.019495,0.009814,0.001017,0.004993,0.000808,0.008844,0.002698,0.003085,0.003350,0.006055,0.000858,0.006356,0.006020,0.015589,0.006981,0.003478,0.000961,0.006257,0.055736,0.000066,0.063010,0.004084,0.004222,0.009103,0.001785,0.004366,0.001310,0.003703,0.004396,0.011756,0.004311,0.001686,0.003292,0.003413,0.013072,0.000634,0.000446,0.001213,0.112515,0.002033,0.001284,0.004583,0.000533,0.006677,0.132125,0.005653,0.017414,0.003344,0.003866,0.008051,0.013750,0.024142,0.126008,0.013464,0.047856,0.005023,0.004803,0.001532,0.000407,0.003197,0.000514,0.003733,0.003638,0.003153,0.022156,0.003726,0.008591,0.000086,0.005118,0.001931,0.001185,0.002738,0.010370,0.095413,0.003625,0.006998,0.003821,0.006444,0.022285,0.111341,0.001260,0.002382,0.007881,0.011445,0.001057,0.015092,0.000174,0.020088,0.017842
0.004352,0.035770,0.004858,0.010021,0.025155,0.025536,0.000515,0.003280,0.001043,0.005235,0.025893,0.000953,0.002029,0.003233,0.002095,0.000295,0.019974,0.002758,0.019374,-0.000375,0.015538,0.003461,0.066923,0.000261,0.001424,0.004277,0.008153,0.106003,0.932245,0.002213,0.000558,0.003230,0.014148,0.008548,0.003307,0.020140,0.003966,0.007541,0.002787,0.004144,0.006606,0.003721,0.003134,0.001114,0.003067,0.001228,0.002373,0.010866,0.003782,0.002107,0.001806,0.004028,0.032812,0.006624,0.004299,0.000191,0.008152,0.078967,0.000784,0.065557,0.001068,0.004344,0.006292,0.002683,0.004749,0.001249,0.003865,0.003960,0.004200,0.002290,0.004756,0.005924,0.006744,0.005134,-0.000219,0.000011,0.004950,0.077183,0.000856,0.001061,0.005713,0.002850,0.001952,0.070878,0.006206,0.036019,0.013284,0.005855,0.007718,0.005873,0.063586,0.131870,0.011868,0.100743,0.001917,0.003372,0.000591,0.000218,0.004696,-0.000389,0.003299,0.004500,0.003335,0.023880,0.001126,0.003731,-0.000024,0.010532,0.001122,0.004962,0.001443,0.006109,0.151125,0.004144,0.005165,0.002130,0.002222,0.025896,0.160788,0.001910,0.000575,0.003784,0.002131,0.000350,0.050460,0.005833,0.006416,0.016465
0.060075,0.015865,0.000730,0.003244,0.007330,0.008563,0.000017,0.103567,0.041846,0.000359,0.016977,0.000229,0.098546,0.000088,0.015562,0.135981,0.003756,0.000371,0.003327,0.056904,0.026704,0.000054,0.002499,0.063333,0.006589,0.000624,0.009294,0.002043,0.002213,0.852606,0.001997,0.002501,0.000227,0.003292,0.000726,0.013810,0.014271,0.000143,0.081915,0.010955,0.007199,0.091183,0.000754,0.004280,0.002097,0.122445,0.062975,0.016380,0.005314,0.008627,0.002622,0.005517,0.001248,0.006396,0.106540,0.110928,0.013282,0.001780,0.144528,0.004374,0.060742,0.002222,0.022520,0.032741,0.000567,0.001798,0.014277,0.034389,0.014091,0.165321,0.017150,0.000428,0.003075,0.006253,0.052865,0.114477,0.043993,0.002000,0.000391,0.141047,0.023454,0.012089,0.002260,0.003292,0.000836,0.009345,0.003529,0.002098,0.004470,0.000864,0.009688,0.001471,0.032222,0.001683,0.001477,0.001174,0.025513,0.000012,0.000745,0.042370,0.011486,0.003399,0.003620,0.005342,0.008479,0.006697,0.173432,0.037892,0.005106,0.009960,0.174163,0.024456,0.002894,0.001437,0.000782,0.003409,0.004184,0.008835,0.000775,0.000621,0.001637,0.002838,0.004964,0.000197,0.003378,0.012016,0.006998,0.002604
0.000325,0.000161,0.003069,0.002236,0.003197,0.000380,0.004808,0.003389,0.002078,0.002067,0.002339,0.000594,0.000905,0.002288,0.004770,0.001383,0.001102,0.002131,0.000411,0.001429,0.007761,0.004689,0.000971,0.000346,0.003612,0.002539,0.000990,0.001975,0.000558,0.001997,0.973703,0.002319,0.001192,0.001599,0.000943,0.002832,0.000332,0.003449,0.002723,0.001653,0.001579,0.001953,0.000632,0.003746,0.005336,0.003499,0.001065,0.001888,0.003449,0.002457,0.001276,0.005619,0.002305,0.002190,0.003052,0.005171,0.004270,0.000328,0.002007,0.004027,0.005123,0.000855,0.001081,0.005520,0.002543,0.002349,0.001006,0.001798,0.006508,0.000938,0.002530,0.004708,0.002307,0.008325,0.001140,0.001406,0.000463,0.003287,0.001143,0.000757,0.000186,0.002109,0.005211,0.001138,0.001567,0.000220,0.003868,0.001902,0.000750,0.000469,0.001241,0.005488,0.009630,0.001870,0.003768,0.001172,0.001918,0.002836,0.001055,0.000463,0.004240,0.002364,0.002068,0.000139,0.003463,0.003935,0.000776,0.000935,0.001602,0.003017,0.000610,0.002888,0.001265,0.001802,0.070481,0.003282,0.000721,0.007023,0.000197,0.002797,0.213892,0.001633,0.008759,0.003702,0.002469,0.002171,0.003763,0.000686
0.006001,0.000727,0.002063,0.002851,0.001773,0.003747,0.000542,0.004353,0.002265,0.003586,-0.000018,0.001363,0.003188,0.002303,0.003140,0.001758,-0.000019,0.005323,0.001041,-0.000123,0.002797,0.001185,0.003729,0.002155,0.168233,0.002689,0.001982,0.004051,0.003230,0.002501,0.002319,0.853701,0.008774,0.092485,0.002432,0.015479,0.041954,0.003236,0.003190,0.000931,0.003237,0.002021,0.006795,0.178752,0.001687,0.001935,0.002556,0.002962,0.005876,0.086407,0.001898,0.005127,0.003816,0.002203,0.001737,0.000477,0.036519,0.002499,0.000491,0.001752,0.002405,0.001604,0.004489,0.019958,0.005095,0.196184,0.004033,0.000384,0.002748,0.006957,0.002335,0.005869,0.062405,0.002895,0.002191,0.001035,0.000739,0.006025,0.002874,0.002421,0.000712,0.022384,0.000865,0.001646,0.002446,0.002289,0.022496,0.000508,0.004157,0.000516,0.001684,0.004317,0.001961,0.001143,0.001038,0.005522,0.000012,0.000571,0.194976,0.001951,0.057928,0.001730,0.272584,0.004298,0.002849,0.004401,0.002491,0.001065,0.151327,0.086459,0.001909,0.022329,0.003850,0.003597,0.009386,0.002778,0.002606,0.003347,0.003787,0.003029,0.010244,0.005161,0.002595,0.000819,0.000382,0.000720,0.005973,0.001726
0.000685,0.000678,0.035779,0.005947,0.001436,0.002792,0.001544,0.000500,0.000809,0.088711,0.001257,0.011328,0.002029,0.107775,0.002576,0.000086,0.002411,0.095229,0.011990,0.000189,0.002907,0.027804,0.005697,0.000709,0.000332,0.013683,0.004013,0.013857,0.014148,0.000227,0.001192,0.008774,0.954499,0.012074,0.036860,0.007087,0.001305,0.103005,0.001191,0.005480,0.001706,0.000522,0.059260,0.001006,0.011355,0.000623,0.001827,0.005403,0.001696,0.001225,0.006252,0.001814,0.047450,0.001901,0.000434,0.000136,0.004007,0.011583,0.000190,0.007277,0.000355,0.009546,0.006463,0.001071,0.086311,0.002514,0.006564,0.001029,0.000108,0.000472,0.000512,0.132757,0.002198,0.004828,0.001349,0.000283,-0.000240,0.027249,0.055575,-0.000083,0.000771,0.001198,0.004346,0.006636,0.019890,0.003891,0.003557,0.017361,0.011876,0.009615,0.008300,0.008317,0.001055,0.013369,0.004290,0.060499,0.000013,0.000235,0.008308,0.000635,0.011755,0.001427,0.007804,0.011281,0.002259,0.003428,0.000241,0.001626,0.000509,0.000708,0.000417,0.002303,0.008178,0.009943,0.013742,0.046451,0.012184,-0.000189,0.033377,0.019100,0.002848,0.006567,0.001192,0.000488,0.002345,0.000856,0.009926,0.005048
0.005416,0.000522,0.005063,0.006760,0.002467,0.002408,0.000103,0.005409,0.001429,0.004696,0.000158,0.003983,0.003376,0.008466,0.003462,0.000413,0.000402,0.009172,0.017208,0.000203,0.005195,0.002360,0.020180,0.001378,0.029529,0.002263,0.008358,0.010488,0.008548,0.003292,0.001599,0.092485,0.012074,0.940573,0.010404,0.012189,0.041474,0.001559,0.002174,0.009266,0.004367,0.000940,0.005886,0.100247,0.010646,0.000302,0.003031,0.006174,0.002320,0.049535,0.013501,0.004915,0.020171,0.007106,-0.000263,0.001099,0.044297,0.005153,-0.000087,0.005598,0.004204,0.012789,0.015511,0.005684,0.006213,0.091234,0.015888,0.002096,0.003730,0.005673,0.002812,0.005365,0.018137,0.018382,0.001060,0.000116,0.000607,0.015249,0.002756,0.001311,0.001447,0.005587,0.008362,0.003195,0.005866,0.005543,0.012153,0.012337,0.014519,0.010159,0.015742,0.006104,0.011704,0.001276,0.004576,0.005260,-0.000046,0.000157,0.197167,0.001477,0.025752,-0.000733,0.166652,0.016875,0.003274,0.008767,0.000747,0.000696,0.080198,0.008132,0.002786,0.013970,0.009495,0.006063,0.007901,0.002028,0.008320,0.002839,0.015240,0.016837,0.011195,0.003273,0.004047,0.000631,0.000606,0.000656,0.015330,0.003044
