0.999975,0.000570,0.000904,0.000302,0.000277,0.000553,0.000573,0.000389,0.000919,0.000737,0.003690,0.005547,0.000261,0.000471,0.001489,0.000075
0.000570,0.999949,0.000738,0.005929,0.002114,0.001775,0.000988,0.002338,0.000425,0.000846,0.000313,0.000483,0.006150,0.001068,0.000610,0.003587
0.000904,0.000738,0.999991,0.000760,0.000781,0.000862,0.000722,0.001157,0.001240,0.001824,0.001466,0.000623,0.000624,0.000692,0.002057,0.000627
0.000302,0.005929,0.000760,0.999954,0.002357,0.002413,0.001032,0.004328,0.000666,0.001102,0.000502,0.000384,0.003309,0.001074,0.000285,0.003405
0.000277,0.002114,0.000781,0.002357,0.999958,0.001513,0.002577,0.003274,0.000774,0.001170,0.000307,0.000317,0.004300,0.000737,0.000226,0.005533
0.000553,0.001775,0.000862,0.002413,0.001513,0.999974,0.001043,0.002373,0.001206,0.001606,0.000339,0.000448,0.002923,0.002474,0.000759,0.003505
0.000573,0.000988,0.000722,0.001032,0.002577,0.001043,0.999971,0.001049,0.000576,0.001117,0.000663,0.000166,0.001959,0.001011,0.000173,0.006275
0.000389,0.002338,0.001157,0.004328,0.003274,0.002373,0.001049,0.999956,0.000466,0.001356,0.000365,0.000252,0.005407,0.001408,0.000561,0.002462
0.000919,0.000425,0.001240,0.000666,0.000774,0.001206,0.000576,0.000466,0.999986,0.000909,0.002586,0.000595,0.000228,0.001965,0.003355,0.001084
0.000737,0.000846,0.001824,0.001102,0.001170,0.001606,0.001117,0.001356,0.000909,0.999991,0.000825,0.000850,0.001280,0.001198,0.000632,0.000595
0.003690,0.000313,0.001466,0.000502,0.000307,0.000339,0.000663,0.000365,0.002586,0.000825,0.999981,0.001455,0.000278,0.000689,0.003588,0.000577
0.005547,0.000483,0.000623,0.000384,0.000317,0.000448,0.000166,0.000252,0.000595,0.000850,0.001455,0.999982,0.000385,0.000443,0.000951,0.000164
0.000261,0.006150,0.000624,0.003309,0.004300,0.002923,0.001959,0.005407,0.000228,0.001280,0.000278,0.000385,0.999917,0.002500,0.000365,0.007001
0.000471,0.001068,0.000692,0.001074,0.000737,0.002474,0.001011,0.001408,0.001965,0.001198,0.000689,0.000443,0.002500,0.999982,0.001832,0.003008
0.001489,0.000610,0.002057,0.000285,0.000226,0.000759,0.000173,0.000561,0.003355,0.000632,0.003588,0.000951,0.000365,0.001832,0.999982,0.000497
0.000075,0.003587,0.000627,0.003405,0.005533,0.003505,0.006275,0.002462,0.001084,0.000595,0.000577,0.000164,0.007001,0.003008,0.000497,0.999913
