0.999990,0.001568,0.001075,0.001127,0.000839,0.001134,0.001041,0.001050,0.001647,0.001158,0.001047,0.000670,0.000805,0.001029,0.001457,0.001655
0.001568,0.999991,0.000911,0.000817,0.001480,0.001806,0.000666,0.001354,0.000602,0.000528,0.001176,0.000899,0.000537,0.000597,0.000825,0.001250
0.001075,0.000911,0.999992,0.000761,0.001838,0.000481,0.000777,0.000835,0.001433,0.001534,0.000509,0.000372,0.001157,0.000425,0.000633,0.000680
0.001127,0.000817,0.000761,0.999993,0.001802,0.000479,0.000405,0.000772,0.001064,0.001191,0.000377,0.000607,0.000769,0.000907,0.001360,0.000963
0.000839,0.001480,0.001838,0.001802,0.999989,0.000600,0.000493,0.002335,0.001720,0.000574,0.000660,0.000380,0.000736,0.000515,0.000715,0.000925
0.001134,0.001806,0.000481,0.000479,0.000600,0.999986,0.001782,0.000630,0.000616,0.001171,0.002487,0.002242,0.000344,0.002481,0.000829,0.000978
0.001041,0.000666,0.000777,0.000405,0.000493,0.001782,0.999989,0.000559,0.000670,0.001460,0.001880,0.002501,0.000748,0.000904,0.000836,0.001096
0.001050,0.001354,0.000835,0.000772,0.002335,0.000630,0.000559,0.999991,0.001996,0.000407,0.000729,0.000291,0.000882,0.000328,0.000601,0.000636
0.001647,0.000602,0.001433,0.001064,0.001720,0.000616,0.000670,0.001996,0.999989,0.000693,0.000465,0.000554,0.001463,0.000835,0.001336,0.001091
0.001158,0.000528,0.001534,0.001191,0.000574,0.001171,0.001460,0.000407,0.000693,0.999990,0.001365,0.001836,0.000734,0.001421,0.000755,0.000899
0.001047,0.001176,0.000509,0.000377,0.000660,0.002487,0.001880,0.000729,0.000465,0.001365,0.999989,0.001093,0.000524,0.001242,0.000772,0.000755
0.000670,0.000899,0.000372,0.000607,0.000380,0.002242,0.002501,0.000291,0.000554,0.001836,0.001093,0.999988,0.000520,0.002088,0.001255,0.001131
0.000805,0.000537,0.001157,0.000769,0.000736,0.000344,0.000748,0.000882,0.001463,0.000734,0.000524,0.000520,0.999995,0.000616,0.000841,0.001434
0.001029,0.000597,0.000425,0.000907,0.000515,0.002481,0.000904,0.000328,0.000835,0.001421,0.001242,0.002088,0.000616,0.999990,0.000816,0.001310
0.001457,0.000825,0.000633,0.001360,0.000715,0.000829,0.000836,0.000601,0.001336,0.000755,0.000772,0.001255,0.000841,0.000816,0.999992,0.001048
0.001655,0.001250,0.000680,0.000963,0.000925,0.000978,0.001096,0.000636,0.001091,0.000899,0.000755,0.001131,0.001434,0.001310,0.001048,0.999991
