0.999903,0.000926,0.001404,0.000237,0.006379,0.000181,0.001219,0.000890,0.000658,0.001524,0.010225,0.001558,0.004599,0.001341,0.002600,0.002792
0.000926,0.999971,0.001330,0.004706,0.001177,0.000192,0.000440,0.000771,0.000839,0.001264,0.002930,0.001870,0.001388,0.002725,0.000974,0.002886
0.001404,0.001330,0.999976,0.000703,0.001329,0.003018,0.002356,0.002029,0.001150,0.001517,0.001906,0.000803,0.000269,0.001912,0.000922,0.003185
0.000237,0.004706,0.000703,0.999979,0.001007,0.001630,0.001515,0.000833,0.001767,0.001267,0.000838,0.001033,0.001051,0.001402,0.001579,0.000812
0.006379,0.001177,0.001329,0.001007,0.999913,0.001392,0.003509,0.001031,0.000534,0.007197,0.004723,0.003116,0.004562,0.000854,0.001229,0.002433
0.000181,0.000192,0.003018,0.001630,0.001392,0.999987,0.001479,0.001283,0.000963,0.001236,0.000855,0.000833,0.001384,0.000515,0.000716,0.000753
0.001219,0.000440,0.002356,0.001515,0.003509,0.001479,0.999970,0.000817,0.004382,0.001456,0.000504,0.002251,0.000671,0.001062,0.001976,0.002015
0.000890,0.000771,0.002029,0.000833,0.001031,0.001283,0.000817,0.999990,0.000429,0.001033,0.001919,0.001659,0.001057,0.000279,0.000212,0.002385
0.000658,0.000839,0.001150,0.001767,0.000534,0.000963,0.004382,0.000429,0.999966,0.000118,0.001252,0.002039,0.000475,0.001257,0.005672,0.001275
0.001524,0.001264,0.001517,0.001267,0.007197,0.001236,0.001456,0.001033,0.000118,0.999962,0.001648,0.000705,0.001906,0.000711,0.000548,0.000769
0.010225,0.002930,0.001906,0.000838,0.004723,0.000855,0.000504,0.001919,0.001252,0.001648,0.999826,0.001844,0.012689,0.002138,0.001322,0.005129
0.001558,0.001870,0.000803,0.001033,0.003116,0.000833,0.002251,0.001659,0.002039,0.000705,0.001844,0.999980,0.002003,0.000232,0.000844,0.001445
0.004599,0.001388,0.000269,0.001051,0.004562,0.001384,0.000671,0.001057,0.000475,0.001906,0.012689,0.002003,0.999882,0.000907,0.000865,0.003801
0.001341,0.002725,0.001912,0.001402,0.000854,0.000515,0.001062,0.000279,0.001257,0.000711,0.002138,0.000232,0.000907,0.999987,0.001222,0.001191
0.002600,0.000974,0.000922,0.001579,0.001229,0.000716,0.001976,0.000212,0.005672,0.000548,0.001322,0.000844,0.000865,0.001222,0.999971,0.001466
0.002792,0.002886,0.003185,0.000812,0.002433,0.000753,0.002015,0.002385,0.001275,0.000769,0.005129,0.001445,0.003801,0.001191,0.001466,0.999954
