0.999986,0.001572,0.001591,0.001239,0.001334,0.000882,0.001693,0.001298,0.001308,0.000918,0.000822,0.001415,0.001642,0.001357,0.001008,0.001597
0.001572,0.999819,0.008676,0.003882,0.003044,0.000962,0.007620,0.005006,0.002021,0.000787,0.000622,0.002035,0.009056,0.005466,0.000733,0.007413
0.001591,0.008676,0.999851,0.003339,0.002630,0.000770,0.006653,0.004628,0.001984,0.000802,0.000766,0.001776,0.007610,0.005148,0.000735,0.006606
0.001239,0.003882,0.003339,0.999962,0.001938,0.001328,0.002598,0.002403,0.001299,0.000976,0.000731,0.001625,0.002912,0.002300,0.000690,0.003088
0.001334,0.003044,0.002630,0.001938,0.999971,0.000936,0.002521,0.002155,0.001406,0.000818,0.000604,0.001463,0.002742,0.001951,0.000839,0.002627
0.000882,0.000962,0.000770,0.001328,0.000936,0.999993,0.000874,0.000823,0.001021,0.001032,0.000855,0.001283,0.000761,0.000840,0.000855,0.000881
0.001693,0.007620,0.006653,0.002598,0.002521,0.000874,0.999858,0.004461,0.001608,0.000963,0.000767,0.001847,0.008075,0.004650,0.000718,0.007051
0.001298,0.005006,0.004628,0.002403,0.002155,0.000823,0.004461,0.999929,0.001749,0.000932,0.000752,0.001693,0.005178,0.003455,0.000791,0.004084
0.001308,0.002021,0.001984,0.001299,0.001406,0.001021,0.001608,0.001749,0.999983,0.000845,0.000787,0.001522,0.001974,0.001471,0.000909,0.001902
0.000918,0.000787,0.000802,0.000976,0.000818,0.001032,0.000963,0.000932,0.000845,0.999994,0.001216,0.000793,0.000656,0.000845,0.001232,0.000927
0.000822,0.000622,0.000766,0.000731,0.000604,0.000855,0.000767,0.000752,0.000787,0.001216,0.999995,0.000670,0.000807,0.000737,0.001267,0.000702
0.001415,0.002035,0.001776,0.001625,0.001463,0.001283,0.001847,0.001693,0.001522,0.000793,0.000670,0.999984,0.001605,0.001214,0.000802,0.001673
0.001642,0.009056,0.007610,0.002912,0.002742,0.000761,0.008075,0.005178,0.001974,0.000656,0.000807,0.001605,0.999840,0.005058,0.000753,0.005947
0.001357,0.005466,0.005148,0.002300,0.001951,0.000840,0.004650,0.003455,0.001471,0.000845,0.000737,0.001214,0.005058,0.999923,0.000748,0.004638
0.001008,0.000733,0.000735,0.000690,0.000839,0.000855,0.000718,0.000791,0.000909,0.001232,0.001267,0.000802,0.000753,0.000748,0.999995,0.000754
0.001597,0.007413,0.006606,0.003088,0.002627,0.000881,0.007051,0.004084,0.001902,0.000927,0.000702,0.001673,0.005947,0.004638,0.000754,0.999875
