0.999989,0.001137,0.001404,0.001778,0.001136,0.000819,0.000842,0.001619,0.001190,0.001333,0.001085,0.001416,0.001024,0.000986,0.001137,0.001173
0.001137,0.999993,0.000981,0.001077,0.000994,0.000831,0.000902,0.001071,0.000996,0.000812,0.000898,0.000931,0.001106,0.000940,0.001155,0.001210
0.001404,0.000981,0.999990,0.001724,0.001125,0.001178,0.001069,0.000931,0.000897,0.000893,0.001093,0.001398,0.001011,0.000769,0.000794,0.001370
0.001778,0.001077,0.001724,0.999976,0.001719,0.000808,0.000664,0.002575,0.001721,0.002336,0.000823,0.003559,0.000901,0.001980,0.001543,0.001106
0.001136,0.000994,0.001125,0.001719,0.999985,0.001108,0.000865,0.002197,0.001344,0.001023,0.000647,0.002049,0.001176,0.001954,0.001303,0.001263
0.000819,0.000831,0.001178,0.000808,0.001108,0.999989,0.000812,0.001328,0.001592,0.001847,0.001022,0.001224,0.001435,0.001614,0.000992,0.000783
0.000842,0.000902,0.001069,0.000664,0.000865,0.000812,0.999995,0.000540,0.000764,0.000814,0.001511,0.000584,0.001027,0.000448,0.000798,0.000708
0.001619,0.001071,0.000931,0.002575,0.002197,0.001328,0.000540,0.999970,0.002130,0.003331,0.000913,0.003714,0.001054,0.002580,0.001610,0.001286
0.001190,0.000996,0.000897,0.001721,0.001344,0.001592,0.000764,0.002130,0.999982,0.002107,0.000843,0.001756,0.001410,0.002853,0.001304,0.000876
0.001333,0.000812,0.000893,0.002336,0.001023,0.001847,0.000814,0.003331,0.002107,0.999974,0.000922,0.002780,0.001634,0.003100,0.001328,0.001077
0.001085,0.000898,0.001093,0.000823,0.000647,0.001022,0.001511,0.000913,0.000843,0.000922,0.999994,0.000611,0.000803,0.000900,0.000939,0.000943
0.001416,0.000931,0.001398,0.003559,0.002049,0.001224,0.000584,0.003714,0.001756,0.002780,0.000611,0.999969,0.001085,0.002536,0.001536,0.001695
0.001024,0.001106,0.001011,0.000901,0.001176,0.001435,0.001027,0.001054,0.001410,0.001634,0.000803,0.001085,0.999990,0.001528,0.001154,0.000704
0.000986,0.000940,0.000769,0.001980,0.001954,0.001614,0.000448,0.002580,0.002853,0.003100,0.000900,0.002536,0.001528,0.999976,0.001204,0.000861
0.001137,0.001155,0.000794,0.001543,0.001303,0.000992,0.000798,0.001610,0.001304,0.001328,0.000939,0.001536,0.001154,0.001204,0.999989,0.001069
0.001173,0.001210,0.001370,0.001106,0.001263,0.000783,0.000708,0.001286,0.000876,0.001077,0.000943,0.001695,0.000704,0.000861,0.001069,0.999991
