0.999897,0.003601,0.001161,0.001896,0.000502,0.001712,0.001624,0.000723,0.000512,0.000767,0.001143,0.000705,0.001081,0.000254,0.001665,0.003900,0.000766,0.002274,0.004301,0.001177,0.001863,0.001418,0.002734,0.000184,0.001052,0.001845,0.001064,0.002317,0.002490,0.000366,0.000815,0.000321,0.001502,0.001458,0.000533,0.000401,0.001227,0.001162,0.000896,0.001437,0.001522,0.001720,0.001152,0.000405,0.002224,0.001299,0.003950,0.001132,0.002296,0.002046,0.004338,0.001504,0.002543,0.001658,0.000972,0.001018,0.001586,0.001313,0.002077,0.000177,0.000247,0.000471,0.002061,0.002823
0.003601,0.999855,0.001061,0.001687,0.000718,0.000879,0.000775,0.000717,0.000189,0.000369,0.002115,0.000467,0.000719,0.000434,0.001791,0.006130,0.000958,0.000622,0.002008,0.002594,0.000962,0.000892,0.003320,0.000210,0.000547,0.001718,0.000597,0.004595,0.001002,0.000425,0.001018,0.000235,0.001327,0.003600,0.000559,0.000529,0.001034,0.000777,0.003541,0.000319,0.001366,0.002238,0.001390,0.000185,0.005242,0.003404,0.004971,0.002076,0.000998,0.003450,0.002895,0.001599,0.004534,0.000726,0.000747,0.000453,0.002232,0.000706,0.000839,0.000189,0.000358,0.000531,0.000925,0.003214
0.001161,0.001061,0.999927,0.001376,0.000590,0.000847,0.001347,0.000606,0.000978,0.001248,0.001402,0.000459,0.000788,0.000752,0.002464,0.001058,0.000799,0.000364,0.000771,0.001026,0.001173,0.001303,0.001146,0.000930,0.001920,0.001292,0.000543,0.001929,0.000418,0.000607,0.000637,0.000643,0.000423,0.002598,0.001121,0.000896,0.000941,0.001719,0.003506,0.000738,0.001004,0.002500,0.001894,0.000939,0.001171,0.002441,0.000965,0.004679,0.001004,0.001997,0.000900,0.002108,0.001232,0.001875,0.000763,0.000622,0.004225,0.000374,0.000527,0.000451,0.000510,0.001715,0.000768,0.000734
0.001896,0.001687,0.001376,0.999926,0.000541,0.000530,0.000804,0.000578,0.000700,0.001194,0.000473,0.002123,0.000388,0.000992,0.002821,0.001821,0.001733,0.001732,0.001376,0.001326,0.001263,0.000765,0.001802,0.000427,0.001638,0.000748,0.000653,0.001370,0.001090,0.000623,0.000838,0.000754,0.000455,0.000751,0.000656,0.000837,0.001458,0.002401,0.002495,0.001142,0.003909,0.001927,0.001927,0.000877,0.001233,0.001927,0.001185,0.003267,0.001443,0.000688,0.001547,0.003017,0.001199,0.001149,0.001283,0.000683,0.003444,0.000431,0.000810,0.000761,0.000724,0.000830,0.001181,0.001521
0.000502,0.000718,0.000590,0.000541,0.999934,0.004645,0.001413,0.001525,0.000918,0.000728,0.001491,0.001433,0.001368,0.001682,0.000383,0.000926,0.000674,0.001692,0.000838,0.000903,0.001019,0.001369,0.001234,0.001559,0.001932,0.001099,0.001989,0.000995,0.001603,0.000905,0.001727,0.000756,0.002024,0.000888,0.000625,0.001408,0.002344,0.000481,0.000492,0.002649,0.000558,0.000409,0.001080,0.000868,0.000474,0.000849,0.001100,0.000509,0.001304,0.001025,0.001108,0.000208,0.000850,0.000752,0.000999,0.004029,0.000593,0.003380,0.001466,0.000765,0.000605,0.000661,0.001104,0.000742
0.001712,0.000879,0.000847,0.000530,0.004645,0.999917,0.001506,0.000746,0.000529,0.001041,0.002407,0.000678,0.001541,0.001301,0.000643,0.001427,0.000597,0.000872,0.001688,0.001933,0.001220,0.002265,0.000972,0.001130,0.000729,0.000984,0.003580,0.000661,0.002318,0.000428,0.002379,0.000671,0.001082,0.000452,0.001599,0.000485,0.001194,0.000257,0.000384,0.005520,0.000439,0.000645,0.000248,0.001068,0.000365,0.000535,0.000724,0.000349,0.000626,0.001698,0.001019,0.000252,0.001560,0.000556,0.001066,0.003843,0.000591,0.002154,0.002146,0.000863,0.000978,0.000482,0.001353,0.001523
0.001624,0.000775,0.001347,0.000804,0.001413,0.001506,0.999937,0.000650,0.000762,0.000441,0.002531,0.000579,0.002707,0.000584,0.001753,0.001863,0.000542,0.000476,0.002106,0.001293,0.000493,0.002193,0.001785,0.000690,0.000368,0.002739,0.000943,0.001444,0.001143,0.000470,0.002570,0.000714,0.000836,0.000961,0.001113,0.000646,0.000510,0.000413,0.001514,0.003100,0.000588,0.001067,0.000907,0.000485,0.001211,0.001933,0.001018,0.000674,0.000431,0.002965,0.001494,0.000398,0.002285,0.001365,0.000432,0.001220,0.001000,0.001669,0.002287,0.000435,0.000739,0.001103,0.000965,0.001423
0.000723,0.000717,0.000606,0.000578,0.001525,0.000746,0.000650,0.999947,0.002601,0.002244,0.000497,0.001919,0.000390,0.002394,0.000509,0.000324,0.002455,0.000625,0.000237,0.000196,0.001213,0.000891,0.000544,0.001090,0.001553,0.000314,0.000910,0.000315,0.000353,0.001400,0.000470,0.002164,0.000757,0.001628,0.000917,0.004794,0.001629,0.001050,0.000458,0.000788,0.001317,0.001071,0.001594,0.001381,0.000213,0.000308,0.000477,0.000543,0.000648,0.000382,0.000365,0.001475,0.000622,0.001529,0.001941,0.000936,0.000854,0.000828,0.001113,0.001300,0.002044,0.000733,0.000866,0.000372
0.000512,0.000189,0.000978,0.000700,0.000918,0.000529,0.000762,0.002601,0.999935,0.001645,0.000473,0.001831,0.000737,0.003247,0.000861,0.000151,0.001696,0.000632,0.000223,0.000329,0.000687,0.000627,0.000241,0.001682,0.001301,0.000469,0.001178,0.000113,0.000358,0.002583,0.000427,0.001557,0.000861,0.001169,0.004005,0.003294,0.000830,0.001319,0.000617,0.000504,0.000964,0.001808,0.000793,0.001971,0.000269,0.000545,0.000419,0.000529,0.000802,0.000348,0.000373,0.001569,0.000429,0.001559,0.003827,0.000710,0.000636,0.000534,0.000750,0.002055,0.002601,0.002650,0.001068,0.000352
0.000767,0.000369,0.001248,0.001194,0.000728,0.001041,0.000441,0.002244,0.001645,0.999948,0.000395,0.000981,0.000536,0.002107,0.000813,0.000249,0.001863,0.000673,0.000387,0.000440,0.001285,0.001761,0.000272,0.001115,0.001489,0.000503,0.001118,0.000195,0.000216,0.001698,0.000922,0.001859,0.000727,0.001267,0.002472,0.001619,0.001267,0.002069,0.000532,0.000547,0.000568,0.000999,0.001365,0.001537,0.000685,0.000293,0.000438,0.000750,0.001592,0.000464,0.000441,0.001755,0.000473,0.000744,0.001916,0.001014,0.000653,0.000502,0.000888,0.002521,0.003918,0.001123,0.001360,0.000383
0.001143,0.002115,0.001402,0.000473,0.001491,0.002407,0.002531,0.000497,0.000473,0.000395,0.999897,0.000347,0.003742,0.000365,0.001287,0.001904,0.000545,0.000823,0.002054,0.002632,0.000579,0.003725,0.001884,0.000790,0.000265,0.005478,0.000934,0.003101,0.000588,0.000471,0.001573,0.000773,0.001016,0.002521,0.000892,0.000691,0.000330,0.000537,0.001922,0.001023,0.001004,0.000513,0.000520,0.000634,0.000886,0.002806,0.002127,0.001522,0.000487,0.005926,0.000838,0.000489,0.002039,0.001267,0.000423,0.001336,0.002090,0.000962,0.001098,0.000439,0.000873,0.000488,0.000784,0.002230
0.000705,0.000467,0.000459,0.002123,0.001433,0.000678,0.000579,0.001919,0.001831,0.000981,0.000347,0.999946,0.000368,0.002236,0.000618,0.000411,0.002180,0.001949,0.000261,0.000225,0.000579,0.000515,0.000776,0.001774,0.002570,0.000174,0.000600,0.000740,0.001277,0.001124,0.000480,0.001229,0.000456,0.000948,0.001272,0.002970,0.001661,0.001361,0.000644,0.000597,0.001201,0.000838,0.001188,0.003161,0.000429,0.000442,0.000497,0.001270,0.001594,0.000209,0.000424,0.001784,0.000392,0.001185,0.002954,0.000981,0.000958,0.000710,0.001061,0.001948,0.000983,0.001631,0.000734,0.000354
0.001081,0.000719,0.000788,0.000388,0.001368,0.001541,0.002707,0.000390,0.000737,0.000536,0.003742,0.000368,0.999934,0.000804,0.000745,0.002436,0.000732,0.000723,0.001489,0.003752,0.000639,0.001574,0.001263,0.000588,0.000628,0.003936,0.001866,0.001314,0.001008,0.001106,0.002292,0.000370,0.000908,0.000929,0.001285,0.000794,0.000631,0.000662,0.001202,0.001796,0.000388,0.000616,0.001212,0.000592,0.000865,0.001112,0.001482,0.000462,0.000688,0.001700,0.001633,0.000329,0.001592,0.000961,0.000412,0.001543,0.000773,0.002721,0.002252,0.000795,0.000442,0.001128,0.000750,0.000863
0.000254,0.000434,0.000752,0.000992,0.001682,0.001301,0.000584,0.002394,0.003247,0.002107,0.000365,0.002236,0.000804,0.999946,0.000705,0.000312,0.001802,0.001048,0.000218,0.000591,0.000615,0.000493,0.000318,0.001590,0.001281,0.000378,0.001393,0.000303,0.000381,0.001372,0.000862,0.002151,0.000616,0.000733,0.001893,0.002814,0.001183,0.000982,0.000689,0.001022,0.000597,0.001243,0.000639,0.002112,0.000317,0.000559,0.000417,0.000692,0.000680,0.000280,0.000233,0.001250,0.000451,0.000728,0.001368,0.000712,0.001210,0.001062,0.000517,0.004142,0.001832,0.001521,0.000655,0.000387
0.001665,0.001791,0.002464,0.002821,0.000383,0.000643,0.001753,0.000509,0.000861,0.000813,0.001287,0.000618,0.000745,0.000705,0.999884,0.002210,0.001126,0.000782,0.001816,0.001431,0.000547,0.001397,0.002211,0.000444,0.000533,0.001220,0.000837,0.002329,0.000693,0.000375,0.001208,0.000611,0.000479,0.004450,0.001097,0.000718,0.000728,0.001181,0.005089,0.000531,0.001470,0.005534,0.001991,0.000973,0.002186,0.004210,0.002706,0.003485,0.001170,0.001059,0.002581,0.002220,0.001452,0.002816,0.001107,0.000656,0.002936,0.000200,0.000541,0.000562,0.000598,0.001341,0.000516,0.002977
0.003900,0.006130,0.001058,0.001821,0.000926,0.001427,0.001863,0.000324,0.000151,0.000249,0.001904,0.000411,0.002436,0.000312,0.002210,0.999664,0.000808,0.001477,0.009027,0.003772,0.001153,0.001451,0.005120,0.000193,0.000795,0.003470,0.000559,0.004050,0.001394,0.000258,0.001779,0.000243,0.000951,0.002257,0.000226,0.000245,0.000677,0.000676,0.001202,0.001000,0.001873,0.001725,0.000572,0.000259,0.003867,0.002747,0.013523,0.002229,0.001516,0.002692,0.012382,0.001222,0.003466,0.001818,0.000434,0.000940,0.002036,0.000961,0.000876,0.000325,0.000309,0.000421,0.001512,0.004009
0.000766,0.000958,0.000799,0.001733,0.000674,0.000597,0.000542,0.002455,0.001696,0.001863,0.000545,0.002180,0.000732,0.001802,0.001126,0.000808,0.999951,0.001904,0.000186,0.000368,0.001245,0.000471,0.001471,0.000875,0.002131,0.000611,0.001020,0.000910,0.001266,0.000974,0.000556,0.001534,0.001116,0.000918,0.001054,0.001167,0.001115,0.000939,0.001423,0.000771,0.001120,0.001989,0.001362,0.000881,0.000697,0.000650,0.000817,0.001116,0.001760,0.000307,0.000846,0.002900,0.001135,0.000985,0.002090,0.000639,0.000693,0.000774,0.000623,0.001852,0.001477,0.000917,0.001002,0.000538
0.002274,0.000622,0.000364,0.001732,0.001692,0.000872,0.000476,0.000625,0.000632,0.000673,0.000823,0.001949,0.000723,0.001048,0.000782,0.001477,0.001904,0.999937,0.000848,0.000471,0.003276,0.000655,0.001378,0.001332,0.001361,0.000465,0.000811,0.000794,0.002925,0.001079,0.000478,0.000910,0.003916,0.000461,0.000505,0.000906,0.001907,0.000623,0.000401,0.001741,0.002465,0.000918,0.000735,0.001146,0.001391,0.000606,0.001555,0.001562,0.002976,0.000802,0.001361,0.001188,0.001000,0.000804,0.001034,0.001281,0.000598,0.002251,0.001176,0.000536,0.000654,0.000431,0.002502,0.001024
0.004301,0.002008,0.000771,0.001376,0.000838,0.001688,0.002106,0.000237,0.000223,0.000387,0.002054,0.000261,0.001489,0.000218,0.001816,0.009027,0.000186,0.000848,0.999833,0.003631,0.000767,0.001079,0.004678,0.000230,0.000284,0.005303,0.000640,0.003773,0.002237,0.000444,0.001578,0.000297,0.000915,0.001043,0.000379,0.000208,0.000946,0.001092,0.001014,0.001224,0.001073,0.001412,0.000659,0.000338,0.003352,0.002877,0.004421,0.001018,0.000879,0.001809,0.004863,0.000897,0.002215,0.001301,0.000378,0.001369,0.001585,0.001475,0.001687,0.000223,0.000364,0.000724,0.001462,0.004852
0.001177,0.002594,0.001026,0.001326,0.000903,0.001933,0.001293,0.000196,0.000329,0.000440,0.002632,0.000225,0.003752,0.000591,0.001431,0.003772,0.000368,0.000471,0.003631,0.999899,0.000972,0.002783,0.002391,0.000348,0.000421,0.005599,0.000913,0.001947,0.001285,0.000495,0.001870,0.000556,0.000855,0.001275,0.000656,0.000307,0.000645,0.000627,0.001936,0.001156,0.000980,0.000546,0.000594,0.000255,0.002882,0.002646,0.001995,0.001052,0.000870,0.002799,0.003107,0.000360,0.002761,0.001022,0.000485,0.000955,0.001082,0.001515,0.000871,0.000393,0.000429,0.000793,0.000774,0.003424
0.001863,0.000962,0.001173,0.001263,0.001019,0.001220,0.000493,0.001213,0.000687,0.001285,0.000579,0.000579,0.000639,0.000615,0.000547,0.001153,0.001245,0.003276,0.000767,0.000972,0.999933,0.000843,0.000965,0.001004,0.001224,0.000524,0.002403,0.001065,0.001553,0.000727,0.000763,0.001320,0.003374,0.000421,0.000484,0.000427,0.002324,0.001285,0.000582,0.001538,0.001266,0.000613,0.001809,0.000735,0.001652,0.000695,0.001198,0.001660,0.005168,0.000845,0.001726,0.001015,0.000780,0.001237,0.001457,0.001292,0.001139,0.002213,0.001483,0.000910,0.000770,0.000559,0.001728,0.001115
0.001418,0.000892,0.001303,0.000765,0.001369,0.002265,0.002193,0.000891,0.000627,0.001761,0.003725,0.000515,0.001574,0.000493,0.001397,0.001451,0.000471,0.000655,0.001079,0.002783,0.000843,0.999940,0.001087,0.001122,0.000642,0.002167,0.001234,0.000847,0.000645,0.000765,0.002366,0.001556,0.001127,0.001661,0.001321,0.000649,0.000495,0.000855,0.000762,0.002743,0.000619,0.000509,0.000503,0.000351,0.000905,0.001142,0.001540,0.001049,0.001071,0.002804,0.001373,0.000363,0.001021,0.000685,0.000924,0.001969,0.000938,0.001151,0.001754,0.000775,0.000950,0.000778,0.000714,0.002029
0.002734,0.003320,0.001146,0.001802,0.001234,0.000972,0.001785,0.000544,0.000241,0.000272,0.001884,0.000776,0.001263,0.000318,0.002211,0.005120,0.001471,0.001378,0.004678,0.002391,0.000965,0.001087,0.999868,0.000144,0.000950,0.001505,0.000515,0.004712,0.002024,0.000257,0.001583,0.000483,0.001180,0.001509,0.000416,0.000267,0.001141,0.000560,0.002736,0.001395,0.001450,0.002707,0.001773,0.000288,0.004385,0.001454,0.002646,0.001752,0.001385,0.002223,0.005252,0.000953,0.002306,0.001461,0.000633,0.000871,0.002343,0.001028,0.001190,0.000411,0.000266,0.000287,0.000903,0.004614
0.000184,0.000210,0.000930,0.000427,0.001559,0.001130,0.000690,0.001090,0.001682,0.001115,0.000790,0.001774,0.000588,0.001590,0.000444,0.000193,0.000875,0.001332,0.000230,0.000348,0.001004,0.001122,0.000144,0.999952,0.000638,0.000456,0.000984,0.000591,0.000585,0.002114,0.000546,0.003791,0.001237,0.000637,0.001161,0.002713,0.000604,0.000565,0.000587,0.001409,0.000274,0.000606,0.000409,0.003373,0.000293,0.000316,0.000252,0.000712,0.001438,0.000432,0.000253,0.000659,0.000221,0.000307,0.001575,0.001465,0.000681,0.001128,0.000742,0.001594,0.002884,0.002071,0.001286,0.000389
0.001052,0.000547,0.001920,0.001638,0.001932,0.000729,0.000368,0.001553,0.001301,0.001489,0.000265,0.002570,0.000628,0.001281,0.000533,0.000795,0.002131,0.001361,0.000284,0.000421,0.001224,0.000642,0.000950,0.000638,0.999952,0.000385,0.001331,0.000705,0.000729,0.000865,0.000573,0.000958,0.000721,0.000753,0.001048,0.002108,0.002111,0.001728,0.000406,0.001143,0.002032,0.001479,0.001430,0.001539,0.000710,0.000271,0.000755,0.000849,0.001510,0.000504,0.001362,0.000891,0.000306,0.001432,0.002291,0.001453,0.001020,0.001538,0.001700,0.001459,0.000770,0.001169,0.001250,0.000255
0.001845,0.001718,0.001292,0.000748,0.001099,0.000984,0.002739,0.000314,0.000469,0.000503,0.005478,0.000174,0.003936,0.000378,0.001220,0.003470,0.000611,0.000465,0.005303,0.005599,0.000524,0.002167,0.001505,0.000456,0.000385,0.999875,0.000856,0.002132,0.000785,0.000644,0.001236,0.000643,0.000641,0.001828,0.000551,0.000330,0.000270,0.001073,0.002998,0.000842,0.001024,0.001411,0.000521,0.000419,0.002453,0.002510,0.002656,0.000737,0.000393,0.003287,0.002854,0.000807,0.002495,0.000881,0.000409,0.001338,0.001898,0.000835,0.001350,0.000313,0.000475,0.000687,0.001034,0.004526
0.001064,0.000597,0.000543,0.000653,0.001989,0.003580,0.000943,0.000910,0.001178,0.001118,0.000934,0.000600,0.001866,0.001393,0.000837,0.000559,0.001020,0.000811,0.000640,0.000913,0.002403,0.001234,0.000515,0.000984,0.001331,0.000856,0.999943,0.000908,0.000972,0.001896,0.001542,0.002186,0.001329,0.000496,0.001350,0.001189,0.001248,0.000656,0.000434,0.002902,0.000587,0.000573,0.000470,0.001565,0.001345,0.000566,0.001005,0.000600,0.000893,0.000640,0.000695,0.000421,0.000664,0.000791,0.001104,0.004186,0.000467,0.002065,0.001301,0.001817,0.001161,0.000950,0.000789,0.000493
0.002317,0.004595,0.001929,0.001370,0.000995,0.000661,0.001444,0.000315,0.000113,0.000195,0.003101,0.000740,0.001314,0.000303,0.002329,0.004050,0.000910,0.000794,0.003773,0.001947,0.001065,0.000847,0.004712,0.000591,0.000705,0.002132,0.000908,0.999870,0.001825,0.000381,0.001232,0.000260,0.001119,0.002114,0.000597,0.000372,0.000803,0.001640,0.002871,0.001076,0.001348,0.002551,0.001586,0.000631,0.004122,0.003979,0.004776,0.002835,0.000842,0.002410,0.002556,0.001285,0.002046,0.000960,0.000568,0.000464,0.002250,0.000825,0.000427,0.000350,0.000280,0.000425,0.000953,0.003566
0.002490,0.001002,0.000418,0.001090,0.001603,0.002318,0.001143,0.000353,0.000358,0.000216,0.000588,0.001277,0.001008,0.000381,0.000693,0.001394,0.001266,0.002925,0.002237,0.001285,0.001553,0.000645,0.002024,0.000585,0.000729,0.000785,0.000972,0.001825,0.999922,0.000559,0.001359,0.000432,0.004155,0.000322,0.000492,0.000362,0.002176,0.000731,0.000756,0.003199,0.000721,0.000595,0.000646,0.001151,0.001254,0.000946,0.001859,0.000384,0.001675,0.000879,0.001809,0.000564,0.001011,0.000744,0.000718,0.002436,0.000413,0.004018,0.002419,0.000493,0.000491,0.000516,0.004466,0.001422
0.000366,0.000425,0.000607,0.000623,0.000905,0.000428,0.000470,0.001400,0.002583,0.001698,0.000471,0.001124,0.001106,0.001372,0.000375,0.000258,0.000974,0.001079,0.000444,0.000495,0.000727,0.000765,0.000257,0.002114,0.000865,0.000644,0.001896,0.000381,0.000559,0.999964,0.001247,0.001914,0.000873,0.000469,0.001255,0.001565,0.000543,0.000744,0.000641,0.000551,0.000772,0.000743,0.000746,0.001472,0.000606,0.000679,0.000337,0.000515,0.000841,0.000554,0.000231,0.000647,0.000792,0.000432,0.000841,0.001681,0.000695,0.000706,0.001124,0.001855,0.002641,0.001798,0.000992,0.000524
0.000815,0.001018,0.000637,0.000838,0.001727,0.002379,0.002570,0.000470,0.000427,0.000922,0.001573,0.000480,0.002292,0.000862,0.001208,0.001779,0.000556,0.000478,0.001578,0.001870,0.000763,0.002366,0.001583,0.000546,0.000573,0.001236,0.001542,0.001232,0.001359,0.001247,0.999947,0.000746,0.001389,0.001145,0.000985,0.000555,0.000575,0.000216,0.001171,0.001900,0.000732,0.001068,0.000996,0.000407,0.000821,0.000812,0.001810,0.000433,0.000876,0.002066,0.001800,0.000283,0.002032,0.001217,0.000771,0.002123,0.000639,0.001466,0.002185,0.000773,0.000948,0.001208,0.000882,0.001223
0.000321,0.000235,0.000643,0.000754,0.000756,0.000671,0.000714,0.002164,0.001557,0.001859,0.000773,0.001229,0.000370,0.002151,0.000611,0.000243,0.001534,0.000910,0.000297,0.000556,0.001320,0.001556,0.000483,0.003791,0.000958,0.000643,0.002186,0.000260,0.000432,0.001914,0.000746,0.999942,0.000852,0.000564,0.003257,0.002267,0.001092,0.000953,0.000543,0.001455,0.000503,0.000928,0.000694,0.002939,0.000352,0.000502,0.000266,0.000898,0.000943,0.000245,0.000414,0.000796,0.000372,0.000581,0.001501,0.002948,0.000693,0.001169,0.000652,0.002346,0.002124,0.001787,0.000808,0.000443
0.001502,0.001327,0.000423,0.000455,0.002024,0.001082,0.000836,0.000757,0.000861,0.000727,0.001016,0.000456,0.000908,0.000616,0.000479,0.000951,0.001116,0.003916,0.000915,0.000855,0.003374,0.001127,0.001180,0.001237,0.000721,0.000641,0.001329,0.001119,0.004155,0.000873,0.001389,0.000852,0.999934,0.000777,0.000808,0.000806,0.001425,0.000459,0.000825,0.001806,0.000664,0.000695,0.000658,0.000661,0.000909,0.000246,0.001300,0.001369,0.003015,0.000893,0.000970,0.000723,0.000850,0.000570,0.001400,0.000951,0.000419,0.003879,0.001284,0.000527,0.000746,0.000708,0.002785,0.001303
0.001458,0.003600,0.002598,0.000751,0.000888,0.000452,0.000961,0.001628,0.001169,0.001267,0.002521,0.000948,0.000929,0.000733,0.004450,0.002257,0.000918,0.000461,0.001043,0.001275,0.000421,0.001661,0.001509,0.000637,0.000753,0.001828,0.000496,0.002114,0.000322,0.000469,0.001145,0.000564,0.000777,0.999912,0.001759,0.000986,0.000392,0.001114,0.004609,0.000456,0.000855,0.002195,0.000701,0.000605,0.002274,0.002769,0.002086,0.002668,0.001209,0.001338,0.001830,0.002997,0.001675,0.002191,0.000706,0.000404,0.002633,0.000578,0.000726,0.000713,0.000754,0.000583,0.000705,0.001391
0.000533,0.000559,0.001121,0.000656,0.000625,0.001599,0.001113,0.000917,0.004005,0.002472,0.000892,0.001272,0.001285,0.001893,0.001097,0.000226,0.001054,0.000505,0.000379,0.000656,0.000484,0.001321,0.000416,0.001161,0.001048,0.000551,0.001350,0.000597,0.000492,0.001255,0.000985,0.003257,0.000808,0.001759,0.999947,0.001748,0.000684,0.000897,0.001078,0.000857,0.000619,0.000888,0.000604,0.003193,0.000420,0.000700,0.000293,0.000707,0.000912,0.000607,0.000525,0.000905,0.000436,0.000601,0.001439,0.001283,0.000568,0.000816,0.000762,0.001527,0.002806,0.001718,0.001028,0.000514
0.000401,0.000529,0.000896,0.000837,0.001408,0.000485,0.000646,0.004794,0.003294,0.001619,0.000691,0.002970,0.000794,0.002814,0.000718,0.000245,0.001167,0.000906,0.000208,0.000307,0.000427,0.000649,0.000267,0.002713,0.002108,0.000330,0.001189,0.000372,0.000362,0.001565,0.000555,0.002267,0.000806,0.000986,0.001748,0.999938,0.001288,0.001003,0.000603,0.000616,0.000534,0.001832,0.000906,0.001650,0.000375,0.000585,0.000443,0.001075,0.000667,0.000237,0.000483,0.001725,0.000232,0.001720,0.002026,0.001134,0.000925,0.000726,0.000784,0.001878,0.001545,0.001421,0.000544,0.000333
0.001227,0.001034,0.000941,0.001458,0.002344,0.001194,0.000510,0.001629,0.000830,0.001267,0.000330,0.001661,0.000631,0.001183,0.000728,0.000677,0.001115,0.001907,0.000946,0.000645,0.002324,0.000495,0.001141,0.000604,0.002111,0.000270,0.001248,0.000803,0.002176,0.000543,0.000575,0.001092,0.001425,0.000392,0.000684,0.001288,0.999947,0.002738,0.000582,0.001011,0.002898,0.001549,0.001282,0.001024,0.001016,0.000534,0.001231,0.001137,0.002498,0.000363,0.001886,0.000920,0.000627,0.001094,0.001401,0.002001,0.000688,0.001665,0.001104,0.001137,0.001157,0.001032,0.001051,0.000406
0.001162,0.000777,0.001719,0.002401,0.000481,0.000257,0.000413,0.001050,0.001319,0.002069,0.000537,0.001361,0.000662,0.000982,0.001181,0.000676,0.000939,0.000623,0.001092,0.000627,0.001285,0.000855,0.000560,0.000565,0.001728,0.001073,0.000656,0.001640,0.000731,0.000744,0.000216,0.000953,0.000459,0.001114,0.000897,0.001003,0.002738,0.999950,0.000630,0.000322,0.002441,0.001504,0.001995,0.001298,0.001135,0.001135,0.001158,0.001984,0.001485,0.000961,0.000858,0.002858,0.000554,0.002078,0.001194,0.000530,0.001471,0.000886,0.000553,0.001575,0.000683,0.000707,0.001180,0.000667
0.000896,0.003541,0.003506,0.002495,0.000492,0.000384,0.001514,0.000458,0.000617,0.000532,0.001922,0.000644,0.001202,0.000689,0.005089,0.001202,0.001423,0.000401,0.001014,0.001936,0.000582,0.000762,0.002736,0.000587,0.000406,0.002998,0.000434,0.002871,0.000756,0.000641,0.001171,0.000543,0.000825,0.004609,0.001078,0.000603,0.000582,0.000630,0.999887,0.000376,0.001250,0.001961,0.001334,0.000368,0.001902,0.005569,0.001689,0.002804,0.000894,0.001313,0.002433,0.003613,0.001595,0.001213,0.001718,0.000284,0.001660,0.000325,0.000351,0.000414,0.000605,0.000800,0.000610,0.003563
0.001437,0.000319,0.000738,0.001142,0.002649,0.005520,0.003100,0.000788,0.000504,0.000547,0.001023,0.000597,0.001796,0.001022,0.000531,0.001000,0.000771,0.001741,0.001224,0.001156,0.001538,0.002743,0.001395,0.001409,0.001143,0.000842,0.002902,0.001076,0.003199,0.000551,0.001900,0.001455,0.001806,0.000456,0.000857,0.000616,0.001011,0.000322,0.000376,0.999914,0.000792,0.000440,0.000612,0.001658,0.001089,0.000594,0.000819,0.000349,0.001147,0.000760,0.000876,0.000263,0.000900,0.000644,0.000859,0.004185,0.000343,0.003680,0.002759,0.000969,0.000692,0.000507,0.002898,0.000870
0.001522,0.001366,0.001004,0.003909,0.000558,0.000439,0.000588,0.001317,0.000964,0.000568,0.001004,0.001201,0.000388,0.000597,0.001470,0.001873,0.001120,0.002465,0.001073,0.000980,0.001266,0.000619,0.001450,0.000274,0.002032,0.001024,0.000587,0.001348,0.000721,0.000772,0.000732,0.000503,0.000664,0.000855,0.000619,0.000534,0.002898,0.002441,0.001250,0.000792,0.999940,0.001732,0.001052,0.000712,0.001677,0.000939,0.000747,0.002372,0.001417,0.000786,0.002888,0.001946,0.001065,0.002734,0.001341,0.000280,0.001888,0.000641,0.000502,0.000515,0.000664,0.000789,0.000657,0.000901
0.001720,0.002238,0.002500,0.001927,0.000409,0.000645,0.001067,0.001071,0.001808,0.000999,0.000513,0.000838,0.000616,0.001243,0.005534,0.001725,0.001989,0.000918,0.001412,0.000546,0.000613,0.000509,0.002707,0.000606,0.001479,0.001411,0.000573,0.002551,0.000595,0.000743,0.001068,0.000928,0.000695,0.002195,0.000888,0.001832,0.001549,0.001504,0.001961,0.000440,0.001732,0.999918,0.002551,0.001480,0.001266,0.001457,0.001531,0.002057,0.001100,0.000420,0.002537,0.002333,0.001054,0.001713,0.001655,0.000431,0.003046,0.000421,0.000597,0.000592,0.000624,0.001144,0.000970,0.000908
0.001152,0.001390,0.001894,0.001927,0.001080,0.000248,0.000907,0.001594,0.000793,0.001365,0.000520,0.001188,0.001212,0.000639,0.001991,0.000572,0.001362,0.000735,0.000659,0.000594,0.001809,0.000503,0.001773,0.000409,0.001430,0.000521,0.000470,0.001586,0.000646,0.000746,0.000996,0.000694,0.000658,0.000701,0.000604,0.000906,0.001282,0.001995,0.001334,0.000612,0.001052,0.002551,0.999957,0.000830,0.000939,0.001645,0.000779,0.001153,0.001194,0.000767,0.001141,0.001925,0.000864,0.001962,0.001376,0.000461,0.001200,0.000490,0.000700,0.000862,0.000561,0.000974,0.000675,0.000839
0.000405,0.000185,0.000939,0.000877,0.000868,0.001068,0.000485,0.001381,0.001971,0.001537,0.000634,0.003161,0.000592,0.002112,0.000973,0.000259,0.000881,0.001146,0.000338,0.000255,0.000735,0.000351,0.000288,0.003373,0.001539,0.000419,0.001565,0.000631,0.001151,0.001472,0.000407,0.002939,0.000661,0.000605,0.003193,0.001650,0.001024,0.001298,0.000368,0.001658,0.000712,0.001480,0.000830,0.999936,0.000305,0.000243,0.000297,0.000445,0.001240,0.000353,0.000369,0.000913,0.000279,0.000696,0.001285,0.002865,0.000581,0.000604,0.000551,0.002917,0.002196,0.003810,0.001041,0.000286
0.002224,0.005242,0.001171,0.001233,0.000474,0.000365,0.001211,0.000213,0.000269,0.000685,0.000886,0.000429,0.000865,0.000317,0.002186,0.003867,0.000697,0.001391,0.003352,0.002882,0.001652,0.000905,0.004385,0.000293,0.000710,0.002453,0.001345,0.004122,0.001254,0.000606,0.000821,0.000352,0.000909,0.002274,0.000420,0.000375,0.001016,0.001135,0.001902,0.001089,0.001677,0.001266,0.000939,0.000305,0.999869,0.003034,0.004828,0.002320,0.001616,0.003318,0.005004,0.001489,0.004237,0.001313,0.000594,0.001149,0.001695,0.000889,0.000662,0.000280,0.000548,0.000516,0.000897,0.002362
0.001299,0.003404,0.002441,0.001927,0.000849,0.000535,0.001933,0.000308,0.000545,0.000293,0.002806,0.000442,0.001112,0.000559,0.004210,0.002747,0.000650,0.000606,0.002877,0.002646,0.000695,0.001142,0.001454,0.000316,0.000271,0.002510,0.000566,0.003979,0.000946,0.000679,0.000812,0.000502,0.000246,0.002769,0.000700,0.000585,0.000534,0.001135,0.005569,0.000594,0.000939,0.001457,0.001645,0.000243,0.003034,0.999873,0.003578,0.005499,0.000504,0.002393,0.001802,0.002146,0.001626,0.001217,0.000502,0.000468,0.003074,0.000338,0.000582,0.000639,0.000602,0.000711,0.000924,0.004035
0.003950,0.004971,0.000965,0.001185,0.001100,0.000724,0.001018,0.000477,0.000419,0.000438,0.002127,0.000497,0.001482,0.000417,0.002706,0.013523,0.000817,0.001555,0.004421,0.001995,0.001198,0.001540,0.002646,0.000252,0.000755,0.002656,0.001005,0.004776,0.001859,0.000337,0.001810,0.000266,0.001300,0.002086,0.000293,0.000443,0.001231,0.001158,0.001689,0.000819,0.000747,0.001531,0.000779,0.000297,0.004828,0.003578,0.999790,0.001202,0.001312,0.002102,0.003785,0.001599,0.002645,0.001411,0.000996,0.001039,0.001288,0.001145,0.001015,0.000260,0.000346,0.000476,0.000922,0.002723
0.001132,0.002076,0.004679,0.003267,0.000509,0.000349,0.000674,0.000543,0.000529,0.000750,0.001522,0.001270,0.000462,0.000692,0.003485,0.002229,0.001116,0.001562,0.001018,0.001052,0.001660,0.001049,0.001752,0.000712,0.000849,0.000737,0.000600,0.002835,0.000384,0.000515,0.000433,0.000898,0.001369,0.002668,0.000707,0.001075,0.001137,0.001984,0.002804,0.000349,0.002372,0.002057,0.001153,0.000445,0.002320,0.005499,0.001202,0.999891,0.001136,0.000992,0.001651,0.006372,0.000952,0.001825,0.001169,0.000476,0.002223,0.000565,0.000372,0.000497,0.001042,0.000672,0.000534,0.001446
0.002296,0.000998,0.001004,0.001443,0.001304,0.000626,0.000431,0.000648,0.000802,0.001592,0.000487,0.001594,0.000688,0.000680,0.001170,0.001516,0.001760,0.002976,0.000879,0.000870,0.005168,0.001071,0.001385,0.001438,0.001510,0.000393,0.000893,0.000842,0.001675,0.000841,0.000876,0.000943,0.003015,0.001209,0.000912,0.000667,0.002498,0.001485,0.000894,0.001147,0.001417,0.001100,0.001194,0.001240,0.001616,0.000504,0.001312,0.001136,0.999932,0.000697,0.002097,0.001114,0.000966,0.001147,0.001245,0.001364,0.000744,0.002538,0.000866,0.000588,0.000555,0.000489,0.001539,0.000970
0.002046,0.003450,0.001997,0.000688,0.001025,0.001698,0.002965,0.000382,0.000348,0.000464,0.005926,0.000209,0.001700,0.000280,0.001059,0.002692,0.000307,0.000802,0.001809,0.002799,0.000845,0.002804,0.002223,0.000432,0.000504,0.003287,0.000640,0.002410,0.000879,0.000554,0.002066,0.000245,0.000893,0.001338,0.000607,0.000237,0.000363,0.000961,0.001313,0.000760,0.000786,0.000420,0.000767,0.000353,0.003318,0.002393,0.002102,0.000992,0.000697,0.999896,0.001745,0.000400,0.004916,0.001488,0.000323,0.000478,0.001560,0.000942,0.001461,0.000377,0.000607,0.000342,0.000892,0.003734
0.004338,0.002895,0.000900,0.001547,0.001108,0.001019,0.001494,0.000365,0.000373,0.000441,0.000838,0.000424,0.001633,0.000233,0.002581,0.012382,0.000846,0.001361,0.004863,0.003107,0.001726,0.001373,0.005252,0.000253,0.001362,0.002854,0.000695,0.002556,0.001809,0.000231,0.001800,0.000414,0.000970,0.001830,0.000525,0.000483,0.001886,0.000858,0.002433,0.000876,0.002888,0.002537,0.001141,0.000369,0.005004,0.001802,0.003785,0.001651,0.002097,0.001745,0.999797,0.001126,0.001917,0.002069,0.001315,0.001183,0.001129,0.001655,0.001261,0.000239,0.000535,0.000499,0.001011,0.003567
0.001504,0.001599,0.002108,0.003017,0.000208,0.000252,0.000398,0.001475,0.001569,0.001755,0.000489,0.001784,0.000329,0.001250,0.002220,0.001222,0.002900,0.001188,0.000897,0.000360,0.001015,0.000363,0.000953,0.000659,0.000891,0.000807,0.000421,0.001285,0.000564,0.000647,0.000283,0.000796,0.000723,0.002997,0.000905,0.001725,0.000920,0.002858,0.003613,0.000263,0.001946,0.002333,0.001925,0.000913,0.001489,0.002146,0.001599,0.006372,0.001114,0.000400,0.001126,0.999912,0.000801,0.001876,0.002007,0.000297,0.002416,0.000322,0.000254,0.000679,0.001284,0.001008,0.001279,0.000866
0.002543,0.004534,0.001232,0.001199,0.000850,0.001560,0.002285,0.000622,0.000429,0.000473,0.002039,0.000392,0.001592,0.000451,0.001452,0.003466,0.001135,0.001000,0.002215,0.002761,0.000780,0.001021,0.002306,0.000221,0.000306,0.002495,0.000664,0.002046,0.001011,0.000792,0.002032,0.000372,0.000850,0.001675,0.000436,0.000232,0.000627,0.000554,0.001595,0.000900,0.001065,0.001054,0.000864,0.000279,0.004237,0.001626,0.002645,0.000952,0.000966,0.004916,0.001917,0.000801,0.999903,0.002142,0.000426,0.000779,0.001528,0.000550,0.000909,0.000560,0.000428,0.000729,0.000857,0.003843
0.001658,0.000726,0.001875,0.001149,0.000752,0.000556,0.001365,0.001529,0.001559,0.000744,0.001267,0.001185,0.000961,0.000728,0.002816,0.001818,0.000985,0.000804,0.001301,0.001022,0.001237,0.000685,0.001461,0.000307,0.001432,0.000881,0.000791,0.000960,0.000744,0.000432,0.001217,0.000581,0.000570,0.002191,0.000601,0.001720,0.001094,0.002078,0.001213,0.000644,0.002734,0.001713,0.001962,0.000696,0.001313,0.001217,0.001411,0.001825,0.001147,0.001488,0.002069,0.001876,0.002142,0.999943,0.001425,0.000284,0.002260,0.000567,0.000921,0.000637,0.000746,0.000934,0.000453,0.001000
0.000972,0.000747,0.000763,0.001283,0.000999,0.001066,0.000432,0.001941,0.003827,0.001916,0.000423,0.002954,0.000412,0.001368,0.001107,0.000434,0.002090,0.001034,0.000378,0.000485,0.001457,0.000924,0.000633,0.001575,0.002291,0.000409,0.001104,0.000568,0.000718,0.000841,0.000771,0.001501,0.001400,0.000706,0.001439,0.002026,0.001401,0.001194,0.001718,0.000859,0.001341,0.001655,0.001376,0.001285,0.000594,0.000502,0.000996,0.001169,0.001245,0.000323,0.001315,0.002007,0.000426,0.001425,0.999941,0.002171,0.000785,0.000719,0.000680,0.001106,0.002271,0.001895,0.000813,0.000324
0.001018,0.000453,0.000622,0.000683,0.004029,0.003843,0.001220,0.000936,0.000710,0.001014,0.001336,0.000981,0.001543,0.000712,0.000656,0.000940,0.000639,0.001281,0.001369,0.000955,0.001292,0.001969,0.000871,0.001465,0.001453,0.001338,0.004186,0.000464,0.002436,0.001681,0.002123,0.002948,0.000951,0.000404,0.001283,0.001134,0.002001,0.000530,0.000284,0.004185,0.000280,0.000431,0.000461,0.002865,0.001149,0.000468,0.001039,0.000476,0.001364,0.000478,0.001183,0.000297,0.000779,0.000284,0.002171,0.999912,0.000359,0.003158,0.003802,0.000742,0.001470,0.001268,0.000769,0.000858
0.001586,0.002232,0.004225,0.003444,0.000593,0.000591,0.001000,0.000854,0.000636,0.000653,0.002090,0.000958,0.000773,0.001210,0.002936,0.002036,0.000693,0.000598,0.001585,0.001082,0.001139,0.000938,0.002343,0.000681,0.001020,0.001898,0.000467,0.002250,0.000413,0.000695,0.000639,0.000693,0.000419,0.002633,0.000568,0.000925,0.000688,0.001471,0.001660,0.000343,0.001888,0.003046,0.001200,0.000581,0.001695,0.003074,0.001288,0.002223,0.000744,0.001560,0.001129,0.002416,0.001528,0.002260,0.000785,0.000359,0.999922,0.000378,0.000771,0.000643,0.000328,0.001056,0.000606,0.001912
0.001313,0.000706,0.000374,0.000431,0.003380,0.002154,0.001669,0.000828,0.000534,0.000502,0.000962,0.000710,0.002721,0.001062,0.000200,0.000961,0.000774,0.002251,0.001475,0.001515,0.002213,0.001151,0.001028,0.001128,0.001538,0.000835,0.002065,0.000825,0.004018,0.000706,0.001466,0.001169,0.003879,0.000578,0.000816,0.000726,0.001665,0.000886,0.000325,0.003680,0.000641,0.000421,0.000490,0.000604,0.000889,0.000338,0.001145,0.000565,0.002538,0.000942,0.001655,0.000322,0.000550,0.000567,0.000719,0.003158,0.000378,0.999921,0.003243,0.000369,0.000942,0.000606,0.002531,0.000597
0.002077,0.000839,0.000527,0.000810,0.001466,0.002146,0.002287,0.001113,0.000750,0.000888,0.001098,0.001061,0.002252,0.000517,0.000541,0.000876,0.000623,0.001176,0.001687,0.000871,0.001483,0.001754,0.001190,0.000742,0.001700,0.001350,0.001301,0.000427,0.002419,0.001124,0.002185,0.000652,0.001284,0.000726,0.000762,0.000784,0.001104,0.000553,0.000351,0.002759,0.000502,0.000597,0.000700,0.000551,0.000662,0.000582,0.001015,0.000372,0.000866,0.001461,0.001261,0.000254,0.000909,0.000921,0.000680,0.003802,0.000771,0.003243,0.999943,0.000875,0.000690,0.000490,0.001572,0.001307
0.000177,0.000189,0.000451,0.000761,0.000765,0.000863,0.000435,0.001300,0.002055,0.002521,0.000439,0.001948,0.000795,0.004142,0.000562,0.000325,0.001852,0.000536,0.000223,0.000393,0.000910,0.000775,0.000411,0.001594,0.001459,0.000313,0.001817,0.000350,0.000493,0.001855,0.000773,0.002346,0.000527,0.000713,0.001527,0.001878,0.001137,0.001575,0.000414,0.000969,0.000515,0.000592,0.000862,0.002917,0.000280,0.000639,0.000260,0.000497,0.000588,0.000377,0.000239,0.000679,0.000560,0.000637,0.001106,0.000742,0.000643,0.000369,0.000875,0.999949,0.003353,0.001319,0.000708,0.000325
0.000247,0.000358,0.000510,0.000724,0.000605,0.000978,0.000739,0.002044,0.002601,0.003918,0.000873,0.000983,0.000442,0.001832,0.000598,0.000309,0.001477,0.000654,0.000364,0.000429,0.000770,0.000950,0.000266,0.002884,0.000770,0.000475,0.001161,0.000280,0.000491,0.002641,0.000948,0.002124,0.000746,0.000754,0.002806,0.001545,0.001157,0.000683,0.000605,0.000692,0.000664,0.000624,0.000561,0.002196,0.000548,0.000602,0.000346,0.001042,0.000555,0.000607,0.000535,0.001284,0.000428,0.000746,0.002271,0.001470,0.000328,0.000942,0.000690,0.003353,0.999944,0.001719,0.001597,0.000308
0.000471,0.000531,0.001715,0.000830,0.000661,0.000482,0.001103,0.000733,0.002650,0.001123,0.000488,0.001631,0.001128,0.001521,0.001341,0.000421,0.000917,0.000431,0.000724,0.000793,0.000559,0.000778,0.000287,0.002071,0.001169,0.000687,0.000950,0.000425,0.000516,0.001798,0.001208,0.001787,0.000708,0.000583,0.001718,0.001421,0.001032,0.000707,0.000800,0.000507,0.000789,0.001144,0.000974,0.003810,0.000516,0.000711,0.000476,0.000672,0.000489,0.000342,0.000499,0.001008,0.000729,0.000934,0.001895,0.001268,0.001056,0.000606,0.000490,0.001319,0.001719,0.999958,0.000602,0.000349
0.002061,0.000925,0.000768,0.001181,0.001104,0.001353,0.000965,0.000866,0.001068,0.001360,0.000784,0.000734,0.000750,0.000655,0.000516,0.001512,0.001002,0.002502,0.001462,0.000774,0.001728,0.000714,0.000903,0.001286,0.001250,0.001034,0.000789,0.000953,0.004466,0.000992,0.000882,0.000808,0.002785,0.000705,0.001028,0.000544,0.001051,0.001180,0.000610,0.002898,0.000657,0.000970,0.000675,0.001041,0.000897,0.000924,0.000922,0.000534,0.001539,0.000892,0.001011,0.001279,0.000857,0.000453,0.000813,0.000769,0.000606,0.002531,0.001572,0.000708,0.001597,0.000602,0.999945,0.001032
0.002823,0.003214,0.000734,0.001521,0.000742,0.001523,0.001423,0.000372,0.000352,0.000383,0.002230,0.000354,0.000863,0.000387,0.002977,0.004009,0.000538,0.001024,0.004852,0.003424,0.001115,0.002029,0.004614,0.000389,0.000255,0.004526,0.000493,0.003566,0.001422,0.000524,0.001223,0.000443,0.001303,0.001391,0.000514,0.000333,0.000406,0.000667,0.003563,0.000870,0.000901,0.000908,0.000839,0.000286,0.002362,0.004035,0.002723,0.001446,0.000970,0.003734,0.003567,0.000866,0.003843,0.001000,0.000324,0.000858,0.001912,0.000597,0.001307,0.000325,0.000308,0.000349,0.001032,0.999869
